
0: [1, 2, 1, 2, 2, 1],[2, 2, 2, 2, 1, 2],[2, 1, 2, 2, 2, 2],[2, 2, 2, 1, 2, 1],[1, 2, 2, 2, 2, 2],[2, 2, 1, 2, 1, 2]

62: [1, 2, 2, 2, 1, 2],[2, 2, 1, 2, 2, 2],[1, 2, 2, 2, 2, 1],[2, 2, 2, 1, 2, 2],[2, 1, 2, 2, 2, 1],[1, 2, 2, 1, 2, 2]

62: [1, 2, 2, 2, 1, 2],[2, 2, 1, 2, 2, 2],[1, 2, 2, 2, 2, 1],[1, 2, 2, 1, 2, 2],[2, 2, 2, 1, 2, 2],[2, 1, 2, 2, 2, 1]

62: [2, 2, 2, 1, 2, 2],[1, 1, 2, 2, 2, 1],[2, 2, 1, 2, 2, 2],[1, 2, 2, 2, 1, 2],[2, 2, 2, 1, 2, 2],[2, 1, 2, 2, 2, 1]

62: [1, 2, 2, 2, 1, 2],[2, 2, 1, 2, 2, 2],[1, 2, 2, 2, 2, 1],[2, 2, 2, 1, 2, 2],[1, 1, 2, 2, 2, 1],[2, 2, 2, 1, 2, 2]

62: [2, 1, 2, 2, 1, 2],[2, 2, 2, 1, 2, 2],[1, 2, 2, 2, 2, 1],[2, 2, 1, 2, 2, 2],[1, 2, 2, 2, 1, 1],[2, 2, 1, 2, 2, 2]

62: [1, 2, 2, 1, 2, 2],[2, 2, 2, 2, 2, 1],[2, 1, 1, 2, 2, 2],[2, 2, 2, 1, 1, 2],[1, 2, 2, 2, 2, 2],[2, 2, 1, 2, 2, 1]

62: [2, 1, 2, 2, 1, 2],[2, 1, 2, 2, 1, 2],[2, 2, 1, 2, 2, 2],[1, 2, 2, 2, 2, 1],[2, 2, 2, 1, 2, 2],[2, 1, 2, 2, 2, 1]

62: [2, 1, 2, 2, 1, 2],[2, 2, 2, 1, 2, 2],[1, 2, 2, 2, 2, 1],[2, 2, 1, 2, 2, 1],[2, 2, 1, 2, 2, 2],[1, 2, 2, 2, 1, 2]

62: [1, 2, 2, 1, 2, 2],[2, 2, 2, 2, 2, 1],[2, 1, 1, 2, 2, 2],[2, 2, 2, 1, 1, 2],[1, 2, 2, 2, 2, 2],[2, 2, 1, 2, 2, 1]

62: [1, 2, 2, 2, 1, 2],[2, 2, 1, 2, 2, 2],[1, 2, 2, 2, 2, 1],[1, 2, 2, 1, 2, 2],[2, 2, 2, 1, 2, 2],[2, 1, 2, 2, 2, 1]

62: [1, 2, 2, 2, 1, 2],[2, 2, 1, 2, 2, 1],[2, 2, 1, 2, 2, 2],[1, 2, 2, 2, 1, 2],[2, 2, 2, 1, 2, 2],[2, 1, 2, 2, 2, 1]

62: [1, 2, 2, 2, 1, 2],[2, 2, 1, 2, 2, 1],[2, 2, 1, 2, 2, 2],[1, 2, 2, 2, 1, 2],[2, 2, 2, 1, 2, 2],[2, 1, 2, 2, 2, 1]

15: [1, 2, 1, 2, 3, 1],[2, 3, 2, 3, 1, 3],[2, 1, 3, 3, 2, 2],[3, 2, 3, 1, 3, 1],[1, 3, 3, 2, 3, 2],[2, 3, 1, 3, 1, 3]

76: [3, 2, 1, 2, 1, 2],[1, 3, 3, 3, 2, 1],[2, 3, 2, 1, 3, 2],[2, 1, 3, 3, 2, 3],[3, 3, 3, 2, 1, 1],[1, 2, 1, 3, 3, 2]

77: [2, 1, 2, 2, 1, 3],[3, 1, 3, 3, 1, 2],[2, 3, 1, 3, 3, 3],[1, 3, 2, 2, 2, 1],[2, 3, 3, 1, 2, 3],[3, 1, 2, 3, 3, 1]

77: [2, 1, 2, 3, 1, 3],[3, 1, 3, 2, 1, 2],[2, 2, 1, 3, 3, 3],[1, 3, 3, 3, 2, 1],[2, 3, 2, 1, 2, 3],[3, 1, 3, 3, 2, 1]

77: [3, 2, 2, 1, 2, 1],[1, 1, 3, 3, 2, 3],[2, 3, 3, 2, 1, 3],[2, 3, 1, 3, 3, 2],[1, 3, 2, 3, 3, 1],[2, 1, 3, 1, 2, 3]

77: [1, 3, 2, 2, 1, 2],[2, 3, 1, 3, 3, 3],[3, 3, 1, 3, 2, 1],[1, 2, 3, 2, 3, 3],[2, 2, 3, 1, 1, 2],[3, 1, 3, 2, 3, 1]

77: [1, 2, 1, 2, 3, 1],[3, 3, 3, 2, 1, 3],[2, 1, 3, 3, 3, 2],[3, 3, 2, 1, 2, 1],[1, 2, 3, 2, 3, 2],[2, 3, 1, 3, 1, 3]

77: [1, 3, 2, 3, 1, 2],[2, 3, 1, 2, 3, 3],[3, 2, 1, 3, 3, 1],[1, 3, 3, 2, 2, 3],[3, 2, 3, 1, 1, 2],[2, 1, 3, 2, 3, 1]

77: [1, 3, 2, 3, 1, 2],[2, 3, 1, 3, 2, 3],[1, 2, 3, 3, 2, 1],[2, 3, 3, 1, 2, 3],[3, 1, 2, 3, 3, 1],[1, 2, 3, 1, 2, 3]

78: [1, 3, 2, 3, 1, 2],[3, 3, 1, 2, 3, 1],[2, 2, 1, 3, 2, 3],[1, 3, 2, 3, 1, 3],[2, 3, 3, 1, 3, 2],[3, 1, 3, 2, 3, 1]

78: [2, 3, 1, 1, 2, 3],[1, 2, 3, 3, 3, 1],[2, 3, 1, 2, 3, 3],[1, 3, 2, 3, 1, 2],[2, 3, 3, 1, 3, 3],[3, 1, 2, 3, 2, 1]

78: [1, 3, 2, 3, 1, 3],[2, 3, 1, 3, 2, 2],[3, 2, 3, 3, 2, 1],[1, 1, 3, 1, 3, 3],[2, 3, 2, 1, 3, 2],[3, 1, 3, 3, 2, 1]

78: [1, 2, 3, 1, 3, 2],[3, 1, 3, 2, 3, 1],[2, 2, 3, 1, 2, 3],[1, 3, 3, 2, 3, 1],[2, 3, 1, 3, 3, 2],[3, 1, 3, 2, 1, 3]

78: [1, 2, 3, 1, 2, 3],[3, 3, 3, 2, 3, 1],[2, 1, 1, 3, 2, 3],[2, 3, 3, 1, 1, 3],[1, 3, 2, 3, 3, 2],[2, 3, 1, 3, 2, 1]

78: [2, 2, 1, 3, 3, 2],[1, 3, 3, 2, 1, 1],[2, 3, 1, 3, 2, 3],[1, 3, 2, 3, 3, 1],[2, 3, 3, 1, 3, 2],[3, 1, 3, 2, 1, 3]

78: [2, 3, 1, 1, 2, 3],[1, 3, 2, 3, 3, 1],[2, 3, 1, 3, 2, 3],[1, 3, 2, 3, 1, 3],[2, 3, 2, 1, 3, 2],[3, 1, 3, 3, 2, 1]

78: [1, 2, 1, 2, 3, 1],[3, 3, 3, 3, 1, 2],[2, 1, 2, 3, 3, 3],[2, 3, 3, 1, 2, 1],[1, 3, 3, 2, 3, 2],[3, 2, 1, 3, 1, 3]

78: [2, 1, 2, 2, 1, 3],[3, 3, 3, 3, 1, 2],[1, 2, 1, 2, 3, 3],[1, 2, 3, 3, 3, 1],[2, 3, 3, 1, 2, 3],[3, 1, 2, 3, 3, 1]

78: [1, 3, 2, 3, 1, 3],[2, 2, 1, 3, 3, 2],[3, 3, 1, 2, 3, 1],[1, 3, 3, 2, 3, 3],[3, 2, 3, 1, 1, 2],[2, 1, 3, 2, 3, 1]

78: [1, 2, 2, 1, 2, 3],[3, 3, 3, 3, 3, 1],[2, 1, 1, 2, 3, 3],[3, 2, 3, 1, 1, 2],[1, 3, 3, 2, 3, 3],[2, 3, 1, 2, 3, 1]

78: [1, 3, 2, 3, 1, 2],[2, 3, 1, 3, 2, 3],[3, 3, 1, 3, 3, 1],[1, 2, 3, 2, 3, 2],[3, 3, 3, 1, 1, 3],[2, 1, 2, 2, 3, 1]

78: [1, 2, 3, 1, 2, 3],[3, 2, 3, 3, 3, 1],[2, 1, 1, 2, 3, 3],[2, 3, 3, 1, 1, 2],[1, 3, 2, 3, 3, 3],[3, 2, 1, 3, 2, 1]

78: [1, 2, 3, 1, 2, 3],[3, 3, 3, 2, 3, 1],[2, 1, 1, 3, 2, 3],[3, 3, 2, 1, 1, 2],[1, 3, 2, 3, 3, 3],[3, 2, 1, 3, 2, 1]

78: [2, 1, 2, 3, 1, 2],[3, 1, 3, 2, 1, 3],[2, 3, 1, 3, 2, 3],[1, 3, 2, 3, 3, 1],[2, 3, 3, 1, 2, 3],[3, 1, 3, 2, 3, 1]

78: [1, 3, 2, 3, 1, 2],[2, 3, 1, 2, 3, 3],[3, 3, 2, 2, 3, 1],[1, 1, 3, 1, 3, 3],[2, 3, 3, 1, 2, 2],[3, 1, 2, 3, 3, 1]

78: [1, 3, 2, 1, 2, 1],[2, 1, 3, 3, 3, 3],[3, 2, 3, 2, 1, 2],[1, 3, 1, 3, 2, 3],[3, 3, 2, 3, 3, 1],[2, 1, 3, 1, 3, 2]

78: [1, 3, 2, 1, 3, 2],[3, 1, 3, 2, 3, 1],[2, 3, 3, 1, 2, 3],[1, 3, 2, 3, 3, 1],[2, 3, 1, 3, 3, 2],[2, 1, 3, 2, 1, 3]

78: [1, 3, 2, 3, 1, 3],[2, 3, 1, 3, 2, 2],[1, 3, 2, 3, 3, 1],[2, 3, 3, 1, 2, 3],[3, 1, 2, 3, 3, 1],[1, 2, 3, 1, 3, 2]

78: [1, 2, 3, 1, 2, 3],[3, 3, 3, 2, 3, 1],[2, 1, 1, 3, 3, 2],[3, 2, 3, 1, 1, 3],[1, 3, 2, 3, 2, 3],[3, 2, 1, 3, 2, 1]

78: [1, 2, 3, 1, 2, 3],[3, 3, 3, 2, 3, 1],[2, 1, 1, 3, 3, 2],[2, 3, 3, 1, 1, 3],[1, 3, 2, 3, 2, 3],[3, 2, 1, 2, 3, 1]

78: [1, 3, 2, 3, 1, 3],[2, 3, 1, 2, 3, 2],[1, 2, 3, 3, 3, 1],[2, 3, 3, 1, 2, 3],[1, 1, 2, 3, 3, 1],[2, 3, 3, 1, 3, 2]

78: [1, 3, 2, 3, 1, 3],[2, 3, 1, 2, 3, 2],[1, 3, 2, 3, 3, 1],[1, 3, 2, 1, 2, 2],[2, 3, 3, 1, 3, 3],[3, 1, 3, 2, 3, 1]

78: [1, 2, 3, 1, 3, 2],[3, 3, 3, 2, 3, 1],[2, 1, 1, 3, 3, 2],[2, 3, 2, 3, 1, 3],[1, 3, 3, 3, 1, 3],[3, 2, 1, 2, 1, 2]

78: [1, 3, 2, 1, 2, 1],[2, 1, 3, 2, 3, 3],[3, 2, 3, 3, 1, 2],[1, 3, 1, 3, 2, 3],[3, 3, 2, 3, 3, 1],[2, 1, 3, 1, 2, 3]

78: [1, 3, 2, 3, 1, 3],[2, 3, 1, 3, 3, 2],[1, 3, 2, 2, 3, 1],[1, 3, 3, 1, 3, 2],[2, 2, 3, 1, 2, 3],[3, 1, 3, 2, 3, 1]

78: [2, 3, 2, 1, 2, 3],[1, 1, 3, 2, 3, 1],[2, 3, 1, 3, 3, 2],[1, 3, 2, 3, 1, 3],[2, 3, 3, 1, 2, 3],[3, 1, 3, 2, 3, 1]

78: [2, 1, 2, 3, 1, 3],[3, 3, 3, 2, 1, 2],[1, 2, 1, 3, 2, 3],[1, 3, 2, 3, 3, 1],[2, 3, 3, 1, 2, 3],[3, 1, 3, 2, 3, 1]

78: [1, 2, 3, 1, 3, 2],[3, 1, 3, 2, 3, 1],[2, 3, 3, 1, 3, 2],[1, 3, 2, 3, 3, 1],[2, 3, 1, 3, 2, 3],[3, 1, 2, 3, 1, 2]

78: [1, 3, 2, 2, 1, 2],[2, 3, 1, 3, 1, 3],[1, 2, 3, 3, 2, 3],[3, 3, 3, 1, 3, 1],[2, 1, 2, 3, 3, 2],[3, 1, 3, 2, 1, 3]

78: [1, 3, 2, 1, 2, 1],[2, 1, 3, 3, 3, 3],[3, 2, 3, 2, 1, 2],[1, 3, 1, 3, 3, 3],[3, 3, 2, 3, 2, 1],[2, 1, 3, 1, 2, 3]

78: [2, 3, 2, 1, 2, 3],[1, 1, 3, 2, 3, 1],[2, 3, 1, 3, 3, 2],[1, 3, 2, 3, 1, 3],[2, 3, 3, 1, 3, 2],[3, 1, 3, 2, 3, 1]

78: [1, 2, 3, 1, 2, 3],[3, 3, 2, 3, 3, 1],[2, 1, 1, 3, 2, 3],[3, 3, 2, 1, 1, 2],[1, 3, 3, 2, 3, 3],[3, 2, 1, 3, 2, 1]

78: [1, 3, 2, 2, 1, 3],[2, 3, 1, 3, 3, 2],[1, 2, 3, 3, 2, 1],[1, 3, 3, 1, 3, 3],[2, 3, 2, 1, 3, 2],[3, 1, 3, 3, 2, 1]

78: [1, 3, 2, 3, 1, 3],[2, 3, 1, 3, 3, 2],[1, 3, 3, 2, 3, 1],[2, 2, 3, 1, 2, 3],[3, 1, 2, 3, 3, 1],[1, 3, 2, 1, 3, 2]

78: [1, 3, 2, 3, 1, 3],[2, 3, 1, 3, 3, 2],[1, 3, 3, 2, 3, 1],[2, 2, 3, 1, 2, 3],[3, 1, 3, 2, 3, 1],[1, 3, 2, 1, 3, 2]

78: [1, 3, 2, 2, 1, 3],[2, 3, 1, 3, 2, 2],[3, 3, 2, 3, 3, 1],[1, 1, 3, 1, 3, 2],[2, 3, 3, 1, 3, 3],[3, 1, 2, 3, 2, 1]

78: [1, 3, 2, 3, 1, 3],[2, 3, 1, 3, 2, 2],[3, 3, 2, 3, 3, 1],[1, 1, 3, 1, 3, 2],[2, 2, 3, 1, 3, 2],[3, 1, 3, 2, 3, 1]

78: [1, 2, 3, 1, 3, 2],[3, 3, 3, 2, 3, 1],[2, 1, 1, 3, 3, 2],[2, 3, 2, 3, 1, 3],[1, 3, 3, 2, 1, 3],[3, 2, 1, 3, 1, 2]

78: [2, 3, 2, 1, 2, 3],[1, 1, 3, 3, 3, 1],[2, 3, 1, 2, 3, 3],[1, 3, 2, 3, 1, 2],[2, 3, 3, 1, 3, 3],[3, 1, 2, 3, 2, 1]

78: [1, 2, 3, 1, 3, 2],[3, 3, 2, 3, 3, 1],[2, 1, 1, 3, 2, 3],[3, 3, 3, 2, 1, 3],[1, 2, 3, 2, 1, 2],[2, 3, 1, 3, 1, 3]

78: [1, 3, 2, 3, 1, 2],[2, 3, 1, 3, 2, 3],[1, 3, 2, 3, 3, 1],[1, 3, 3, 1, 3, 2],[2, 2, 3, 1, 2, 3],[3, 1, 3, 2, 3, 1]

78: [1, 2, 3, 1, 2, 3],[3, 3, 3, 2, 2, 1],[2, 1, 1, 3, 3, 3],[3, 3, 2, 1, 1, 2],[1, 3, 3, 3, 3, 2],[3, 2, 1, 2, 3, 1]

78: [1, 3, 2, 3, 1, 2],[2, 3, 1, 3, 2, 3],[3, 3, 1, 3, 3, 1],[1, 2, 3, 2, 3, 3],[3, 3, 2, 1, 1, 2],[2, 1, 3, 2, 3, 1]

78: [3, 1, 3, 2, 1, 2],[2, 3, 3, 1, 3, 3],[1, 2, 2, 3, 2, 1],[3, 3, 1, 3, 3, 1],[2, 3, 1, 2, 3, 2],[1, 2, 3, 3, 1, 3]

78: [1, 2, 3, 1, 2, 3],[3, 3, 3, 2, 2, 1],[2, 1, 1, 3, 3, 3],[3, 2, 3, 1, 1, 2],[1, 3, 3, 2, 3, 3],[3, 2, 1, 2, 3, 1]

78: [1, 3, 2, 3, 1, 3],[2, 3, 1, 3, 2, 2],[3, 3, 2, 3, 3, 1],[1, 1, 3, 1, 2, 3],[2, 3, 2, 1, 2, 3],[3, 1, 3, 3, 2, 1]

78: [1, 3, 2, 1, 3, 2],[3, 1, 2, 3, 3, 1],[2, 3, 3, 1, 2, 3],[1, 2, 3, 2, 3, 1],[2, 3, 1, 3, 3, 2],[3, 1, 2, 3, 1, 3]

78: [1, 3, 2, 3, 1, 2],[2, 3, 1, 2, 3, 3],[1, 2, 3, 3, 3, 1],[1, 3, 3, 1, 2, 3],[2, 3, 2, 1, 2, 3],[3, 1, 3, 2, 3, 1]

78: [1, 3, 2, 3, 1, 3],[2, 3, 1, 2, 3, 2],[1, 3, 2, 3, 3, 1],[2, 3, 3, 1, 2, 3],[3, 1, 2, 3, 3, 1],[1, 2, 3, 1, 2, 3]

78: [2, 3, 1, 1, 2, 3],[1, 2, 3, 3, 3, 1],[2, 3, 1, 2, 3, 2],[1, 3, 2, 3, 1, 3],[2, 3, 3, 1, 2, 3],[3, 1, 3, 2, 3, 1]

78: [2, 1, 2, 2, 1, 3],[3, 3, 3, 3, 1, 2],[1, 2, 1, 3, 2, 3],[1, 3, 2, 3, 3, 1],[2, 3, 3, 1, 2, 3],[3, 1, 2, 3, 3, 1]

78: [3, 1, 3, 2, 1, 2],[2, 3, 2, 1, 3, 3],[1, 3, 3, 3, 2, 1],[3, 2, 1, 3, 3, 1],[2, 3, 1, 2, 3, 2],[1, 3, 2, 3, 1, 3]

78: [1, 3, 2, 2, 1, 3],[2, 3, 1, 3, 3, 2],[1, 3, 3, 2, 3, 1],[1, 2, 3, 1, 3, 2],[2, 3, 2, 1, 3, 3],[3, 1, 3, 3, 2, 1]

78: [2, 2, 1, 1, 2, 3],[1, 3, 3, 2, 3, 1],[2, 3, 1, 3, 3, 2],[1, 3, 2, 3, 1, 3],[2, 3, 3, 1, 2, 3],[3, 1, 2, 3, 3, 1]

78: [1, 3, 2, 1, 2, 1],[2, 1, 3, 3, 3, 3],[3, 3, 3, 2, 1, 2],[1, 2, 1, 3, 3, 3],[3, 3, 3, 3, 2, 1],[2, 1, 2, 1, 2, 3]

78: [2, 3, 2, 1, 2, 3],[1, 1, 3, 2, 3, 1],[2, 3, 1, 3, 3, 2],[1, 3, 2, 3, 1, 3],[2, 3, 3, 1, 2, 3],[3, 1, 2, 3, 3, 1]

78: [1, 2, 3, 1, 3, 2],[3, 1, 3, 2, 3, 1],[2, 2, 3, 1, 3, 2],[1, 3, 3, 2, 3, 1],[2, 3, 1, 3, 3, 2],[3, 1, 2, 3, 1, 3]

78: [2, 3, 1, 1, 2, 3],[1, 2, 3, 3, 3, 1],[2, 3, 1, 2, 3, 2],[1, 3, 2, 3, 1, 3],[2, 3, 3, 1, 2, 3],[3, 1, 2, 3, 3, 1]

78: [1, 3, 2, 3, 1, 2],[2, 2, 1, 3, 2, 3],[1, 3, 3, 3, 2, 1],[1, 3, 2, 1, 3, 3],[2, 3, 3, 1, 3, 2],[3, 1, 3, 2, 3, 1]

78: [1, 3, 2, 3, 1, 2],[2, 3, 1, 2, 3, 3],[3, 3, 1, 3, 3, 1],[1, 2, 3, 3, 2, 3],[3, 3, 2, 1, 1, 2],[2, 1, 3, 3, 2, 1]

78: [2, 3, 1, 1, 2, 3],[1, 3, 2, 3, 3, 1],[2, 2, 1, 2, 3, 3],[1, 3, 3, 3, 1, 2],[2, 3, 2, 1, 3, 3],[3, 1, 3, 3, 2, 1]

78: [2, 1, 2, 3, 1, 3],[3, 2, 3, 3, 1, 2],[1, 3, 1, 2, 3, 3],[1, 3, 3, 2, 3, 1],[2, 2, 3, 1, 3, 2],[3, 1, 3, 2, 3, 1]

78: [1, 3, 2, 3, 1, 2],[2, 3, 1, 3, 3, 3],[2, 3, 3, 2, 2, 1],[1, 1, 3, 1, 3, 2],[2, 3, 2, 1, 3, 3],[3, 1, 3, 3, 2, 1]

78: [2, 1, 2, 3, 1, 2],[3, 2, 2, 3, 1, 3],[1, 3, 1, 3, 2, 3],[1, 3, 2, 3, 3, 1],[2, 3, 3, 1, 3, 2],[3, 1, 3, 2, 3, 1]

78: [3, 1, 2, 3, 1, 2],[2, 3, 1, 3, 2, 3],[1, 3, 2, 3, 3, 1],[2, 3, 3, 1, 3, 2],[1, 1, 2, 3, 3, 1],[2, 3, 3, 1, 2, 3]

78: [1, 2, 1, 2, 3, 1],[3, 3, 3, 3, 1, 2],[2, 1, 2, 3, 2, 3],[3, 2, 3, 1, 3, 1],[1, 3, 3, 2, 3, 3],[3, 2, 1, 3, 1, 2]

78: [1, 3, 2, 3, 1, 2],[2, 3, 1, 3, 3, 3],[3, 2, 3, 2, 2, 1],[1, 1, 2, 1, 3, 3],[2, 3, 3, 1, 3, 2],[3, 1, 3, 2, 3, 1]

78: [2, 3, 1, 1, 2, 3],[1, 3, 2, 3, 3, 1],[2, 3, 1, 2, 3, 3],[1, 3, 2, 3, 1, 2],[2, 3, 3, 1, 3, 3],[3, 1, 3, 2, 2, 1]

14: [1, 2, 1, 2, 3, 1],[2, 3, 3, 2, 1, 3],[2, 1, 3, 3, 3, 2],[3, 3, 2, 1, 2, 1],[1, 3, 3, 3, 3, 2],[2, 2, 1, 2, 1, 3]

78: [1, 3, 2, 2, 1, 2],[2, 3, 1, 3, 3, 3],[3, 2, 3, 3, 2, 1],[1, 1, 3, 1, 3, 3],[2, 3, 2, 1, 3, 2],[3, 1, 3, 3, 2, 1]

78: [1, 2, 3, 1, 3, 2],[3, 3, 3, 2, 3, 1],[2, 1, 1, 2, 3, 3],[3, 2, 3, 3, 1, 2],[1, 3, 3, 2, 1, 2],[2, 3, 1, 3, 1, 3]

78: [1, 2, 3, 1, 2, 3],[3, 3, 2, 3, 3, 1],[2, 1, 1, 3, 2, 3],[3, 3, 2, 1, 1, 2],[1, 3, 2, 3, 3, 3],[3, 2, 1, 3, 2, 1]

78: [1, 3, 2, 1, 2, 1],[2, 1, 2, 3, 3, 3],[3, 3, 3, 3, 1, 2],[1, 2, 1, 2, 3, 3],[3, 3, 3, 3, 3, 1],[2, 1, 2, 1, 2, 3]

78: [2, 1, 2, 3, 1, 3],[3, 2, 3, 3, 1, 2],[1, 3, 1, 2, 2, 3],[1, 3, 2, 3, 3, 1],[2, 3, 3, 1, 3, 2],[3, 1, 3, 2, 3, 1]

78: [2, 3, 1, 1, 2, 3],[1, 3, 2, 3, 3, 1],[2, 3, 1, 2, 3, 3],[1, 2, 3, 3, 1, 2],[2, 3, 3, 1, 3, 3],[3, 1, 2, 3, 2, 1]

78: [2, 3, 2, 1, 2, 3],[1, 1, 3, 2, 3, 1],[2, 3, 1, 3, 3, 2],[1, 3, 2, 3, 1, 3],[2, 3, 3, 1, 2, 3],[3, 1, 3, 2, 3, 1]

78: [2, 3, 1, 3, 3, 2],[1, 3, 3, 2, 1, 1],[2, 2, 1, 3, 2, 3],[1, 3, 2, 3, 3, 1],[2, 3, 3, 1, 3, 2],[3, 1, 3, 2, 1, 3]

78: [2, 3, 1, 1, 2, 3],[1, 3, 3, 2, 3, 1],[2, 2, 1, 2, 3, 3],[1, 3, 3, 3, 1, 2],[2, 3, 2, 1, 3, 3],[3, 1, 3, 3, 2, 1]

78: [1, 3, 2, 1, 2, 1],[2, 1, 2, 3, 3, 3],[3, 2, 3, 3, 1, 2],[1, 3, 1, 2, 3, 3],[3, 3, 2, 3, 3, 1],[2, 1, 3, 1, 2, 3]

78: [1, 3, 2, 1, 3, 2],[3, 1, 3, 3, 2, 1],[2, 3, 3, 1, 2, 3],[1, 3, 2, 3, 3, 1],[2, 3, 1, 2, 3, 3],[3, 1, 2, 3, 1, 2]

78: [2, 1, 2, 3, 1, 3],[3, 1, 3, 3, 1, 2],[2, 3, 1, 2, 3, 3],[1, 3, 3, 2, 3, 1],[2, 2, 3, 1, 3, 2],[3, 1, 3, 2, 3, 1]

78: [1, 3, 2, 2, 1, 2],[2, 3, 1, 3, 1, 3],[1, 2, 3, 3, 2, 3],[3, 3, 3, 1, 3, 1],[2, 1, 2, 2, 3, 2],[3, 1, 3, 3, 1, 3]

78: [1, 3, 2, 2, 1, 2],[2, 3, 1, 3, 2, 3],[3, 3, 2, 3, 3, 1],[1, 1, 3, 1, 3, 2],[2, 3, 2, 1, 3, 3],[3, 1, 3, 3, 2, 1]

78: [1, 2, 1, 2, 3, 1],[3, 3, 3, 3, 1, 2],[2, 1, 2, 3, 3, 3],[3, 3, 3, 1, 2, 1],[1, 2, 3, 3, 3, 2],[2, 3, 1, 2, 1, 3]

78: [1, 2, 1, 2, 3, 1],[3, 3, 3, 3, 1, 2],[2, 1, 2, 3, 2, 3],[3, 2, 3, 1, 3, 1],[1, 3, 3, 2, 3, 3],[2, 3, 1, 3, 1, 2]

78: [2, 1, 2, 3, 1, 3],[3, 3, 3, 3, 1, 2],[1, 2, 1, 2, 3, 3],[1, 3, 3, 2, 3, 1],[2, 2, 3, 1, 2, 3],[3, 1, 3, 2, 3, 1]

78: [1, 2, 2, 1, 3, 2],[3, 3, 3, 3, 2, 1],[2, 1, 1, 3, 2, 3],[3, 3, 2, 3, 1, 3],[1, 3, 3, 3, 1, 2],[3, 2, 1, 2, 1, 3]

78: [2, 3, 2, 1, 2, 3],[1, 1, 3, 3, 2, 1],[2, 3, 1, 3, 2, 3],[1, 3, 2, 3, 1, 3],[2, 3, 3, 1, 3, 2],[3, 1, 3, 2, 3, 1]

78: [1, 3, 2, 3, 1, 3],[2, 3, 1, 3, 2, 2],[3, 3, 1, 3, 3, 1],[1, 2, 3, 2, 3, 2],[3, 3, 3, 1, 1, 3],[2, 1, 2, 3, 2, 1]

78: [1, 3, 2, 3, 1, 2],[2, 3, 1, 2, 3, 3],[3, 3, 2, 3, 2, 1],[1, 1, 3, 1, 3, 2],[2, 3, 3, 1, 3, 3],[3, 1, 2, 3, 2, 1]

78: [2, 1, 2, 3, 1, 3],[3, 3, 2, 3, 1, 2],[1, 3, 1, 2, 3, 3],[1, 2, 3, 3, 3, 1],[2, 2, 3, 1, 2, 3],[3, 1, 3, 2, 3, 1]

78: [2, 3, 1, 1, 2, 3],[1, 2, 3, 3, 3, 1],[2, 3, 1, 2, 3, 3],[1, 2, 3, 3, 1, 2],[2, 3, 2, 1, 3, 3],[3, 1, 3, 3, 2, 1]

78: [2, 1, 2, 2, 1, 3],[3, 1, 3, 3, 1, 2],[2, 3, 1, 3, 2, 3],[1, 3, 2, 3, 3, 1],[2, 3, 3, 1, 3, 2],[3, 1, 3, 2, 3, 1]

78: [1, 3, 2, 2, 1, 3],[2, 3, 1, 3, 3, 2],[3, 3, 1, 2, 3, 1],[1, 2, 3, 3, 3, 2],[2, 3, 2, 1, 1, 3],[3, 1, 3, 3, 2, 1]

78: [1, 3, 2, 3, 1, 2],[2, 3, 1, 3, 2, 3],[3, 2, 1, 3, 2, 1],[1, 3, 2, 3, 3, 2],[2, 3, 3, 1, 1, 3],[3, 1, 3, 2, 3, 1]

78: [1, 3, 2, 3, 1, 3],[2, 3, 1, 2, 3, 2],[3, 3, 2, 3, 3, 1],[1, 1, 3, 1, 2, 2],[2, 3, 2, 1, 3, 3],[3, 1, 3, 3, 2, 1]

78: [2, 1, 2, 2, 1, 2],[3, 3, 3, 3, 1, 3],[1, 2, 1, 3, 2, 3],[1, 3, 3, 2, 3, 1],[2, 3, 3, 1, 2, 3],[3, 1, 2, 3, 3, 1]

77: [1, 2, 1, 2, 3, 1],[3, 3, 3, 2, 1, 2],[2, 1, 3, 3, 3, 3],[3, 3, 2, 1, 2, 1],[1, 2, 3, 2, 3, 2],[2, 3, 1, 3, 1, 3]

78: [1, 2, 3, 1, 2, 3],[3, 3, 3, 2, 2, 1],[2, 1, 1, 3, 3, 3],[3, 3, 3, 1, 1, 2],[1, 2, 2, 3, 3, 3],[2, 3, 1, 3, 2, 1]

78: [3, 1, 2, 3, 1, 3],[2, 3, 1, 3, 2, 2],[1, 3, 2, 3, 3, 1],[2, 3, 3, 1, 2, 3],[1, 1, 2, 3, 3, 1],[2, 3, 3, 1, 3, 2]

78: [3, 1, 2, 3, 1, 3],[2, 3, 1, 3, 3, 2],[1, 3, 3, 2, 3, 1],[2, 2, 3, 1, 2, 3],[1, 1, 2, 3, 3, 1],[2, 3, 3, 1, 2, 3]

79: [2, 1, 2, 3, 1, 3],[3, 2, 3, 3, 1, 2],[1, 3, 1, 2, 3, 3],[1, 3, 2, 3, 3, 1],[2, 3, 3, 1, 2, 3],[3, 1, 2, 3, 3, 1]

79: [1, 2, 3, 1, 3, 2],[3, 3, 3, 2, 3, 1],[2, 1, 1, 3, 3, 2],[3, 2, 3, 3, 1, 3],[1, 3, 3, 2, 1, 3],[2, 3, 1, 3, 1, 2]

79: [1, 3, 2, 1, 3, 2],[3, 1, 2, 3, 3, 1],[2, 3, 3, 1, 2, 3],[1, 3, 2, 3, 3, 1],[2, 3, 1, 3, 3, 2],[3, 1, 3, 2, 1, 3]

79: [2, 1, 2, 3, 1, 3],[3, 2, 3, 3, 1, 2],[1, 3, 1, 2, 3, 3],[1, 3, 2, 3, 3, 1],[2, 3, 3, 1, 2, 3],[3, 1, 3, 2, 3, 1]

79: [1, 2, 3, 1, 2, 3],[3, 3, 3, 2, 3, 1],[2, 1, 1, 3, 3, 2],[3, 3, 2, 1, 1, 3],[1, 3, 3, 2, 2, 3],[3, 2, 1, 3, 3, 1]

79: [1, 3, 2, 3, 1, 3],[2, 3, 1, 3, 3, 2],[1, 3, 3, 2, 3, 1],[1, 2, 3, 1, 3, 2],[2, 3, 3, 1, 3, 3],[3, 1, 2, 3, 2, 1]

79: [1, 2, 3, 1, 2, 3],[3, 3, 2, 3, 3, 1],[2, 1, 1, 3, 2, 3],[3, 3, 2, 1, 1, 3],[1, 3, 3, 3, 3, 2],[3, 2, 1, 2, 3, 1]

79: [2, 1, 2, 3, 1, 3],[3, 3, 3, 3, 1, 2],[1, 2, 1, 2, 3, 3],[1, 3, 2, 3, 3, 1],[2, 3, 3, 1, 2, 3],[3, 1, 3, 2, 3, 1]

79: [1, 2, 3, 1, 3, 2],[3, 3, 3, 2, 3, 1],[2, 1, 1, 3, 2, 3],[3, 2, 3, 3, 1, 3],[1, 3, 3, 2, 1, 2],[3, 2, 1, 3, 1, 3]

79: [1, 3, 2, 3, 1, 3],[2, 3, 1, 3, 3, 2],[3, 3, 2, 2, 3, 1],[1, 1, 3, 1, 2, 3],[2, 3, 3, 1, 2, 3],[3, 1, 2, 3, 3, 1]

79: [2, 3, 1, 1, 2, 3],[1, 3, 2, 3, 3, 1],[2, 3, 1, 3, 2, 3],[1, 3, 2, 3, 1, 3],[2, 3, 3, 1, 3, 2],[3, 1, 3, 2, 3, 1]

79: [1, 3, 2, 2, 1, 3],[2, 3, 1, 3, 3, 2],[3, 3, 2, 3, 3, 1],[1, 1, 3, 1, 2, 3],[2, 3, 3, 1, 2, 3],[3, 1, 2, 3, 3, 1]

79: [1, 3, 2, 3, 1, 3],[2, 3, 1, 3, 3, 2],[3, 3, 1, 2, 3, 1],[1, 2, 3, 3, 3, 2],[2, 2, 3, 1, 1, 3],[3, 1, 3, 2, 3, 1]

79: [1, 3, 2, 3, 1, 3],[2, 3, 1, 3, 3, 2],[3, 3, 1, 2, 3, 1],[1, 2, 2, 3, 3, 2],[2, 3, 3, 1, 1, 3],[3, 1, 3, 2, 3, 1]

79: [1, 3, 2, 1, 3, 2],[3, 1, 3, 2, 3, 1],[2, 3, 3, 1, 2, 3],[1, 3, 2, 3, 3, 1],[2, 3, 1, 3, 3, 2],[3, 1, 3, 2, 1, 3]

77: [1, 2, 1, 2, 3, 1],[2, 3, 3, 3, 1, 3],[2, 1, 2, 3, 3, 2],[3, 3, 3, 1, 2, 1],[1, 2, 3, 3, 3, 2],[2, 3, 1, 2, 1, 3]

77: [2, 3, 1, 1, 2, 3],[1, 3, 2, 3, 3, 1],[2, 3, 1, 2, 2, 3],[1, 2, 3, 3, 1, 3],[2, 3, 3, 1, 2, 2],[3, 1, 2, 3, 3, 1]

77: [1, 2, 1, 2, 3, 1],[3, 2, 3, 3, 1, 3],[2, 1, 3, 2, 3, 2],[3, 3, 2, 1, 2, 1],[1, 3, 3, 3, 3, 3],[3, 2, 1, 2, 1, 2]

78: [1, 3, 2, 3, 1, 3],[2, 3, 1, 3, 3, 2],[2, 3, 3, 2, 3, 1],[1, 1, 3, 1, 2, 2],[2, 3, 2, 1, 3, 3],[3, 1, 3, 2, 3, 1]

78: [1, 2, 3, 1, 2, 3],[3, 3, 3, 2, 3, 1],[2, 1, 1, 3, 3, 2],[2, 3, 3, 1, 1, 3],[1, 3, 2, 2, 2, 3],[2, 3, 1, 3, 3, 1]

78: [2, 1, 2, 3, 1, 3],[3, 1, 3, 2, 1, 2],[2, 3, 1, 3, 3, 2],[1, 3, 2, 3, 3, 1],[2, 3, 3, 1, 2, 3],[3, 1, 3, 2, 3, 1]

78: [1, 3, 2, 3, 1, 2],[2, 3, 1, 3, 2, 3],[2, 3, 1, 3, 3, 1],[1, 3, 3, 2, 3, 3],[3, 2, 3, 1, 1, 2],[2, 1, 3, 2, 3, 1]

79: [1, 3, 2, 3, 1, 3],[2, 3, 1, 3, 3, 2],[1, 3, 3, 2, 3, 1],[1, 2, 3, 1, 3, 2],[2, 3, 3, 1, 3, 3],[3, 1, 2, 3, 2, 1]

79: [1, 3, 2, 2, 1, 2],[3, 2, 1, 3, 1, 3],[1, 3, 3, 3, 2, 3],[3, 3, 2, 1, 3, 1],[2, 1, 3, 3, 3, 2],[3, 1, 3, 2, 1, 3]

79: [1, 3, 2, 3, 1, 3],[2, 3, 1, 3, 3, 2],[3, 2, 1, 2, 3, 1],[1, 3, 3, 3, 3, 2],[2, 3, 2, 1, 1, 3],[3, 1, 3, 2, 3, 1]

79: [2, 1, 2, 3, 1, 3],[3, 3, 3, 3, 1, 2],[1, 2, 1, 2, 3, 3],[1, 3, 3, 2, 3, 1],[2, 3, 3, 1, 2, 3],[3, 1, 2, 3, 3, 1]

79: [2, 3, 1, 1, 2, 3],[1, 3, 2, 3, 3, 1],[2, 3, 1, 3, 2, 3],[1, 3, 2, 3, 1, 3],[2, 3, 3, 1, 3, 2],[3, 1, 3, 2, 3, 1]

79: [1, 3, 2, 2, 1, 3],[2, 3, 1, 3, 3, 2],[3, 3, 2, 3, 3, 1],[1, 1, 3, 1, 2, 3],[2, 3, 3, 1, 2, 3],[3, 1, 2, 3, 3, 1]

79: [1, 3, 2, 3, 1, 3],[2, 3, 1, 3, 3, 2],[1, 3, 3, 2, 3, 1],[1, 2, 3, 1, 3, 3],[2, 3, 3, 1, 2, 2],[3, 1, 2, 3, 3, 1]

79: [2, 1, 2, 3, 1, 3],[3, 3, 3, 3, 1, 2],[1, 2, 1, 2, 3, 3],[1, 3, 2, 3, 3, 1],[2, 3, 3, 1, 2, 3],[3, 1, 3, 2, 3, 1]

79: [1, 3, 2, 3, 1, 3],[2, 3, 1, 3, 3, 2],[3, 3, 1, 2, 3, 1],[1, 2, 3, 3, 3, 2],[2, 3, 2, 1, 1, 3],[3, 1, 3, 2, 3, 1]

79: [1, 3, 2, 3, 1, 3],[2, 3, 1, 2, 3, 2],[3, 3, 2, 3, 3, 1],[1, 1, 3, 1, 2, 3],[2, 3, 3, 1, 2, 3],[3, 1, 2, 3, 3, 1]

76: [1, 2, 1, 2, 3, 1],[2, 3, 3, 3, 1, 3],[2, 1, 2, 3, 3, 2],[3, 3, 2, 1, 2, 1],[1, 3, 2, 3, 3, 3],[2, 3, 1, 2, 1, 2]

77: [2, 3, 1, 3, 3, 2],[1, 3, 2, 2, 1, 1],[2, 3, 1, 3, 2, 3],[1, 3, 2, 3, 3, 1],[2, 3, 3, 1, 2, 3],[3, 1, 3, 2, 1, 2]

77: [2, 1, 2, 3, 1, 2],[2, 3, 3, 2, 1, 3],[1, 2, 1, 3, 3, 2],[1, 3, 2, 3, 3, 1],[2, 3, 3, 1, 2, 3],[3, 1, 3, 2, 3, 1]

78: [2, 3, 2, 1, 2, 3],[1, 1, 2, 3, 3, 1],[2, 3, 1, 3, 2, 3],[1, 3, 2, 3, 1, 3],[2, 3, 3, 1, 3, 2],[3, 1, 3, 2, 3, 1]

78: [2, 1, 2, 3, 1, 3],[3, 2, 3, 2, 1, 2],[1, 3, 1, 3, 3, 3],[1, 3, 2, 3, 2, 1],[2, 3, 3, 1, 3, 2],[3, 1, 3, 2, 3, 1]

78: [2, 3, 2, 1, 2, 3],[1, 1, 3, 3, 3, 1],[2, 3, 1, 2, 3, 2],[1, 3, 2, 3, 1, 3],[2, 3, 3, 1, 2, 3],[3, 1, 3, 2, 3, 1]

78: [1, 3, 2, 3, 1, 2],[2, 3, 1, 3, 2, 1],[2, 3, 1, 3, 2, 3],[1, 3, 2, 3, 1, 3],[2, 3, 3, 1, 3, 2],[3, 1, 3, 2, 3, 1]

79: [1, 2, 3, 1, 3, 2],[3, 3, 2, 3, 3, 1],[2, 1, 1, 3, 2, 3],[3, 2, 3, 3, 1, 3],[1, 3, 3, 2, 1, 2],[2, 3, 1, 3, 1, 3]

77: [1, 2, 1, 2, 3, 1],[3, 3, 2, 2, 1, 2],[2, 1, 3, 3, 3, 3],[3, 2, 3, 1, 2, 1],[1, 3, 3, 2, 3, 2],[2, 3, 1, 3, 1, 3]

78: [1, 3, 2, 3, 1, 2],[2, 3, 1, 2, 3, 3],[1, 2, 3, 3, 3, 1],[1, 3, 3, 1, 2, 3],[2, 3, 2, 1, 3, 2],[3, 1, 3, 2, 3, 1]

78: [3, 1, 2, 3, 1, 3],[2, 3, 1, 3, 3, 2],[1, 3, 2, 2, 3, 1],[2, 3, 3, 1, 2, 3],[1, 1, 2, 3, 3, 1],[2, 3, 3, 1, 3, 2]

77: [1, 2, 1, 2, 3, 1],[2, 3, 2, 3, 1, 3],[2, 1, 3, 3, 2, 2],[3, 2, 3, 1, 3, 1],[1, 3, 3, 2, 3, 3],[2, 3, 1, 3, 1, 2]

77: [3, 1, 2, 3, 1, 2],[2, 2, 1, 2, 3, 3],[1, 3, 3, 3, 3, 1],[2, 3, 2, 1, 2, 3],[1, 1, 2, 3, 3, 1],[2, 3, 3, 1, 3, 2]

77: [2, 1, 2, 3, 1, 3],[3, 2, 3, 2, 1, 2],[1, 3, 1, 3, 3, 3],[1, 3, 3, 2, 2, 1],[2, 2, 3, 1, 3, 2],[3, 1, 3, 2, 3, 1]

77: [1, 3, 2, 2, 1, 3],[2, 3, 1, 3, 3, 2],[3, 3, 2, 3, 2, 1],[1, 1, 2, 1, 3, 2],[2, 3, 3, 1, 2, 3],[3, 1, 3, 2, 3, 1]

77: [1, 3, 2, 3, 1, 2],[3, 3, 1, 3, 2, 1],[2, 2, 1, 3, 2, 3],[1, 3, 2, 3, 1, 2],[2, 3, 3, 1, 3, 3],[3, 1, 2, 3, 2, 1]

79: [1, 2, 3, 1, 3, 2],[3, 3, 2, 3, 3, 1],[2, 1, 1, 3, 2, 3],[3, 2, 3, 3, 1, 3],[1, 3, 3, 2, 1, 2],[2, 3, 1, 3, 1, 3]

79: [1, 3, 2, 2, 1, 3],[2, 3, 1, 3, 3, 2],[3, 3, 2, 3, 3, 1],[1, 1, 3, 1, 2, 3],[2, 3, 3, 1, 2, 3],[3, 1, 2, 3, 3, 1]

79: [2, 1, 2, 3, 1, 3],[3, 1, 3, 3, 1, 2],[2, 3, 1, 2, 3, 3],[1, 3, 2, 3, 3, 1],[2, 3, 3, 1, 2, 3],[3, 1, 3, 2, 3, 1]

79: [1, 3, 2, 3, 1, 3],[2, 3, 1, 3, 3, 2],[3, 3, 2, 2, 3, 1],[1, 1, 3, 1, 3, 2],[2, 3, 2, 1, 3, 3],[3, 1, 3, 3, 2, 1]

79: [1, 3, 2, 1, 3, 2],[3, 1, 3, 3, 2, 1],[2, 3, 3, 1, 2, 3],[1, 3, 2, 3, 3, 1],[2, 3, 1, 3, 3, 2],[3, 1, 3, 2, 1, 3]

79: [1, 3, 2, 3, 1, 3],[2, 3, 1, 3, 2, 2],[3, 3, 2, 3, 3, 1],[1, 1, 3, 1, 2, 3],[2, 3, 3, 1, 2, 3],[3, 1, 2, 3, 3, 1]

79: [2, 1, 2, 3, 1, 3],[3, 1, 3, 3, 1, 2],[2, 3, 1, 2, 3, 3],[1, 3, 2, 3, 3, 1],[2, 3, 3, 1, 2, 3],[3, 1, 3, 2, 3, 1]

79: [2, 1, 2, 3, 1, 3],[3, 1, 3, 3, 1, 2],[2, 3, 1, 2, 3, 3],[1, 3, 2, 3, 3, 1],[2, 3, 3, 1, 2, 3],[3, 1, 3, 2, 3, 1]

79: [1, 3, 2, 3, 1, 3],[2, 3, 1, 3, 3, 2],[3, 3, 1, 2, 3, 1],[1, 2, 3, 3, 3, 2],[2, 3, 3, 1, 1, 3],[3, 1, 2, 2, 3, 1]

79: [1, 3, 2, 3, 1, 3],[2, 3, 1, 3, 3, 2],[3, 3, 1, 2, 3, 1],[1, 2, 3, 3, 3, 2],[2, 2, 3, 1, 1, 3],[3, 1, 3, 2, 3, 1]

79: [1, 3, 2, 1, 3, 2],[3, 1, 3, 3, 2, 1],[2, 3, 3, 1, 2, 3],[1, 3, 2, 3, 3, 1],[2, 3, 1, 3, 3, 2],[3, 1, 3, 2, 1, 3]

79: [1, 2, 3, 1, 3, 2],[3, 1, 3, 2, 3, 1],[2, 3, 3, 1, 2, 3],[1, 3, 2, 3, 3, 1],[2, 3, 1, 3, 3, 2],[3, 1, 3, 2, 1, 3]

79: [1, 2, 3, 1, 2, 3],[3, 3, 3, 2, 3, 1],[2, 1, 1, 3, 3, 2],[3, 3, 2, 1, 1, 3],[1, 3, 3, 3, 2, 3],[3, 2, 1, 2, 3, 1]

79: [1, 3, 2, 3, 1, 3],[2, 3, 1, 3, 3, 2],[3, 3, 1, 2, 3, 1],[1, 2, 3, 3, 3, 2],[2, 3, 2, 1, 1, 3],[3, 1, 3, 2, 3, 1]

79: [1, 3, 2, 3, 1, 3],[2, 3, 1, 3, 3, 2],[3, 3, 1, 2, 3, 1],[1, 2, 3, 3, 3, 2],[3, 3, 3, 1, 1, 3],[2, 1, 2, 3, 2, 1]

79: [1, 3, 2, 3, 1, 3],[2, 2, 1, 3, 3, 2],[3, 3, 1, 2, 3, 1],[1, 3, 2, 3, 3, 2],[2, 3, 3, 1, 1, 3],[3, 1, 3, 2, 3, 1]

79: [1, 3, 2, 3, 1, 3],[2, 3, 1, 3, 3, 2],[2, 3, 3, 2, 3, 1],[1, 1, 3, 1, 3, 2],[2, 3, 2, 1, 3, 3],[3, 1, 3, 3, 2, 1]

79: [1, 3, 2, 3, 1, 3],[2, 3, 1, 3, 3, 2],[3, 3, 2, 2, 3, 1],[1, 1, 3, 1, 3, 2],[2, 3, 3, 1, 3, 3],[3, 1, 2, 3, 2, 1]

79: [1, 3, 2, 1, 3, 2],[3, 1, 2, 3, 3, 1],[2, 3, 3, 1, 2, 3],[1, 3, 2, 3, 3, 1],[2, 3, 1, 3, 3, 2],[3, 1, 3, 2, 1, 3]

79: [2, 1, 2, 3, 1, 3],[3, 1, 3, 3, 1, 2],[2, 3, 1, 2, 3, 3],[1, 3, 2, 3, 3, 1],[2, 3, 3, 1, 2, 3],[3, 1, 3, 2, 3, 1]

79: [2, 1, 2, 3, 1, 3],[3, 1, 3, 3, 1, 2],[2, 3, 1, 2, 3, 3],[1, 3, 2, 3, 3, 1],[2, 3, 3, 1, 2, 3],[3, 1, 3, 2, 3, 1]

79: [1, 2, 3, 1, 3, 2],[3, 3, 3, 2, 3, 1],[2, 1, 1, 3, 3, 2],[3, 2, 3, 3, 1, 3],[1, 3, 3, 2, 1, 2],[2, 3, 1, 3, 1, 3]

79: [1, 3, 2, 3, 1, 3],[2, 3, 1, 3, 3, 2],[1, 3, 3, 2, 3, 1],[1, 2, 3, 1, 3, 2],[2, 3, 3, 1, 3, 3],[3, 1, 2, 3, 2, 1]

79: [1, 3, 2, 3, 1, 3],[2, 3, 1, 3, 3, 2],[1, 3, 3, 2, 3, 1],[1, 2, 3, 1, 2, 3],[2, 3, 3, 1, 2, 3],[3, 1, 2, 3, 3, 1]

79: [2, 1, 2, 3, 1, 3],[3, 2, 3, 3, 1, 2],[1, 3, 1, 2, 3, 3],[1, 2, 3, 3, 3, 1],[2, 3, 3, 1, 2, 3],[3, 1, 2, 3, 3, 1]

79: [1, 3, 2, 1, 3, 2],[3, 1, 2, 3, 3, 1],[2, 3, 3, 1, 2, 3],[1, 3, 2, 3, 3, 1],[2, 3, 1, 3, 3, 2],[3, 1, 3, 2, 1, 3]

79: [2, 1, 2, 3, 1, 3],[3, 3, 3, 3, 1, 2],[1, 2, 1, 2, 3, 3],[1, 3, 3, 3, 3, 1],[2, 3, 2, 1, 2, 3],[3, 1, 3, 2, 3, 1]

79: [1, 2, 3, 1, 3, 2],[3, 3, 3, 2, 3, 1],[2, 1, 1, 3, 3, 2],[3, 2, 3, 3, 1, 3],[1, 3, 3, 2, 1, 2],[2, 3, 1, 3, 1, 3]

79: [2, 1, 2, 3, 1, 3],[3, 2, 3, 3, 1, 2],[1, 3, 1, 2, 3, 3],[1, 2, 3, 3, 3, 1],[2, 3, 3, 1, 2, 3],[3, 1, 2, 3, 3, 1]

79: [2, 1, 2, 3, 1, 3],[3, 1, 3, 3, 1, 2],[2, 3, 1, 2, 3, 3],[1, 3, 2, 3, 3, 1],[2, 3, 3, 1, 2, 3],[3, 1, 3, 2, 3, 1]

79: [1, 2, 3, 1, 3, 2],[3, 3, 3, 2, 3, 1],[2, 1, 1, 3, 2, 3],[3, 3, 2, 3, 1, 3],[1, 3, 3, 3, 1, 2],[3, 2, 1, 2, 1, 3]

79: [1, 2, 3, 1, 3, 2],[3, 1, 3, 2, 3, 1],[2, 3, 3, 1, 2, 3],[1, 3, 2, 3, 3, 1],[2, 3, 1, 3, 3, 2],[3, 1, 3, 2, 1, 3]

79: [1, 3, 2, 3, 1, 3],[2, 3, 1, 3, 2, 2],[3, 3, 2, 3, 3, 1],[1, 1, 3, 1, 3, 3],[2, 3, 3, 1, 2, 2],[3, 1, 2, 3, 3, 1]

79: [1, 3, 2, 2, 1, 2],[3, 2, 1, 3, 1, 3],[1, 3, 3, 3, 2, 3],[3, 3, 2, 1, 3, 1],[2, 1, 3, 3, 3, 2],[3, 1, 3, 2, 1, 3]

79: [3, 1, 3, 2, 1, 3],[2, 3, 3, 1, 3, 2],[1, 3, 2, 3, 3, 1],[2, 3, 1, 3, 2, 3],[1, 3, 2, 3, 1, 1],[2, 3, 1, 3, 2, 3]

79: [1, 2, 3, 1, 3, 2],[3, 3, 2, 3, 3, 1],[2, 1, 1, 3, 2, 3],[3, 2, 3, 3, 1, 3],[1, 3, 3, 2, 1, 2],[2, 3, 1, 3, 1, 3]

79: [1, 3, 2, 3, 1, 2],[2, 3, 1, 3, 2, 3],[3, 3, 2, 3, 3, 1],[1, 1, 3, 1, 3, 2],[2, 3, 2, 1, 3, 3],[3, 1, 3, 3, 2, 1]

79: [2, 1, 2, 3, 1, 3],[3, 3, 2, 3, 1, 2],[1, 3, 1, 2, 3, 3],[1, 2, 3, 3, 3, 1],[2, 3, 3, 1, 2, 3],[3, 1, 2, 3, 3, 1]

79: [2, 1, 2, 3, 1, 3],[3, 1, 3, 3, 1, 2],[2, 3, 1, 2, 3, 3],[1, 3, 2, 3, 3, 1],[2, 3, 3, 1, 2, 3],[3, 1, 3, 2, 3, 1]

79: [1, 2, 3, 1, 2, 3],[3, 3, 3, 2, 3, 1],[2, 1, 1, 3, 3, 2],[3, 3, 2, 1, 1, 3],[1, 3, 3, 3, 3, 2],[3, 2, 1, 2, 3, 1]

79: [1, 3, 2, 2, 1, 3],[2, 3, 1, 3, 3, 2],[3, 3, 2, 3, 3, 1],[1, 1, 3, 1, 2, 3],[2, 3, 3, 1, 2, 3],[3, 1, 2, 3, 3, 1]

79: [2, 1, 2, 3, 1, 3],[3, 3, 3, 3, 1, 2],[1, 2, 1, 2, 3, 3],[1, 3, 3, 3, 3, 1],[2, 3, 2, 1, 2, 3],[3, 1, 3, 2, 3, 1]

79: [2, 1, 2, 3, 1, 3],[3, 2, 3, 3, 1, 2],[1, 3, 1, 2, 3, 3],[1, 3, 2, 3, 3, 1],[2, 3, 3, 1, 2, 3],[3, 1, 3, 2, 3, 1]

79: [1, 3, 2, 3, 1, 3],[2, 3, 1, 3, 3, 2],[1, 3, 3, 2, 3, 1],[1, 2, 3, 1, 3, 2],[2, 3, 3, 1, 3, 3],[3, 1, 2, 3, 2, 1]

79: [1, 3, 2, 3, 1, 3],[2, 3, 1, 3, 3, 2],[1, 3, 3, 2, 3, 1],[1, 2, 3, 1, 2, 3],[2, 3, 3, 1, 2, 3],[3, 1, 2, 3, 3, 1]

79: [1, 3, 2, 3, 1, 3],[2, 3, 1, 3, 3, 2],[2, 3, 1, 2, 3, 1],[1, 3, 2, 3, 3, 2],[2, 3, 3, 1, 1, 3],[3, 1, 3, 2, 3, 1]

79: [1, 3, 2, 3, 1, 3],[2, 3, 1, 3, 2, 2],[3, 3, 2, 3, 3, 1],[1, 1, 3, 1, 3, 2],[2, 3, 2, 1, 3, 3],[3, 1, 3, 3, 2, 1]

79: [1, 3, 2, 3, 1, 3],[2, 3, 1, 3, 3, 2],[3, 3, 2, 2, 3, 1],[1, 1, 3, 1, 3, 2],[2, 3, 2, 1, 3, 3],[3, 1, 3, 3, 2, 1]

79: [1, 3, 2, 2, 1, 3],[2, 3, 1, 3, 3, 2],[3, 3, 2, 3, 3, 1],[1, 1, 3, 1, 2, 3],[2, 3, 3, 1, 2, 3],[3, 1, 2, 3, 3, 1]

79: [2, 1, 2, 3, 1, 3],[3, 3, 3, 3, 1, 2],[1, 2, 1, 2, 3, 3],[1, 3, 3, 3, 3, 1],[2, 3, 2, 1, 2, 3],[3, 1, 3, 2, 3, 1]

79: [1, 2, 3, 1, 2, 3],[3, 3, 3, 2, 3, 1],[2, 1, 1, 3, 3, 2],[3, 3, 2, 1, 1, 3],[1, 3, 3, 2, 2, 3],[3, 2, 1, 3, 3, 1]

79: [1, 3, 2, 3, 1, 3],[2, 3, 1, 3, 3, 2],[3, 2, 1, 2, 3, 1],[1, 3, 3, 3, 3, 2],[2, 3, 2, 1, 1, 3],[3, 1, 3, 3, 2, 1]

79: [1, 3, 2, 2, 1, 3],[2, 3, 1, 3, 3, 2],[3, 3, 2, 3, 3, 1],[1, 1, 3, 1, 2, 3],[2, 3, 3, 1, 2, 3],[3, 1, 2, 3, 3, 1]

79: [1, 2, 3, 1, 3, 2],[3, 3, 3, 2, 3, 1],[2, 1, 1, 3, 3, 2],[3, 3, 2, 3, 1, 3],[1, 3, 3, 2, 1, 2],[3, 2, 1, 3, 1, 3]

79: [1, 3, 2, 1, 3, 2],[3, 1, 3, 3, 2, 1],[2, 3, 3, 1, 2, 3],[1, 3, 2, 3, 3, 1],[2, 3, 1, 3, 3, 2],[3, 1, 3, 2, 1, 3]

79: [1, 2, 3, 1, 2, 3],[3, 3, 3, 2, 3, 1],[2, 1, 1, 3, 3, 2],[3, 2, 3, 1, 1, 3],[1, 3, 3, 2, 2, 3],[2, 3, 1, 3, 3, 1]

79: [1, 3, 2, 2, 1, 2],[3, 2, 1, 3, 1, 3],[1, 3, 3, 3, 2, 3],[3, 3, 2, 1, 3, 1],[2, 1, 3, 3, 3, 2],[3, 1, 3, 2, 1, 3]

79: [1, 3, 2, 2, 1, 2],[3, 2, 1, 3, 1, 3],[1, 3, 3, 3, 2, 3],[3, 3, 2, 1, 3, 1],[2, 1, 3, 3, 3, 2],[3, 1, 3, 2, 1, 3]

79: [1, 3, 2, 2, 1, 3],[2, 3, 1, 3, 3, 2],[3, 3, 2, 3, 3, 1],[1, 1, 3, 1, 2, 3],[2, 3, 3, 1, 2, 3],[3, 1, 2, 3, 3, 1]

79: [1, 2, 3, 1, 3, 2],[3, 3, 3, 2, 3, 1],[2, 1, 1, 3, 3, 2],[3, 2, 3, 3, 1, 3],[1, 3, 3, 2, 1, 3],[3, 2, 1, 3, 1, 2]

79: [1, 3, 2, 1, 3, 2],[3, 1, 2, 3, 3, 1],[2, 3, 3, 1, 2, 3],[1, 3, 2, 3, 3, 1],[2, 3, 1, 3, 3, 2],[3, 1, 3, 2, 1, 3]

79: [2, 1, 2, 3, 1, 3],[3, 3, 3, 3, 1, 2],[1, 2, 1, 2, 3, 3],[1, 3, 3, 3, 3, 1],[2, 3, 2, 1, 2, 3],[3, 1, 2, 3, 3, 1]

79: [2, 3, 1, 1, 2, 3],[1, 3, 2, 3, 3, 1],[2, 3, 1, 3, 2, 3],[1, 3, 2, 3, 1, 3],[2, 3, 3, 1, 3, 2],[3, 1, 3, 2, 3, 1]

79: [1, 3, 2, 3, 1, 3],[2, 3, 1, 3, 3, 2],[1, 3, 3, 2, 3, 1],[1, 2, 3, 1, 3, 2],[2, 3, 2, 1, 3, 3],[3, 1, 3, 3, 2, 1]

79: [1, 3, 2, 1, 3, 2],[3, 1, 2, 3, 3, 1],[2, 3, 3, 1, 2, 3],[1, 3, 2, 3, 3, 1],[2, 3, 1, 3, 3, 2],[3, 1, 3, 2, 1, 3]

79: [1, 2, 3, 1, 3, 2],[3, 3, 3, 2, 3, 1],[2, 1, 1, 3, 3, 2],[3, 2, 3, 3, 1, 3],[1, 3, 3, 2, 1, 3],[2, 3, 1, 3, 1, 2]

79: [1, 3, 2, 3, 1, 2],[2, 3, 1, 3, 2, 3],[3, 3, 2, 3, 3, 1],[1, 1, 3, 1, 3, 2],[2, 3, 2, 1, 3, 3],[3, 1, 3, 3, 2, 1]

79: [1, 3, 2, 3, 1, 3],[2, 3, 1, 3, 2, 2],[3, 3, 2, 3, 3, 1],[1, 1, 3, 1, 2, 3],[2, 3, 3, 1, 2, 3],[3, 1, 2, 3, 3, 1]

79: [1, 3, 2, 3, 1, 3],[2, 3, 1, 3, 3, 2],[3, 2, 1, 2, 3, 1],[1, 3, 3, 3, 3, 2],[2, 3, 2, 1, 1, 3],[3, 1, 3, 3, 2, 1]

79: [2, 1, 2, 3, 1, 3],[3, 3, 3, 3, 1, 2],[1, 2, 1, 2, 3, 3],[1, 3, 3, 2, 3, 1],[2, 3, 3, 1, 2, 3],[3, 1, 2, 3, 3, 1]

79: [2, 3, 1, 1, 2, 3],[1, 3, 2, 3, 3, 1],[2, 3, 1, 3, 2, 3],[1, 3, 2, 3, 1, 3],[2, 3, 3, 1, 3, 2],[3, 1, 3, 2, 3, 1]

79: [1, 2, 3, 1, 3, 2],[3, 3, 2, 3, 3, 1],[2, 1, 1, 3, 2, 3],[3, 2, 3, 3, 1, 3],[1, 3, 3, 2, 1, 2],[2, 3, 1, 3, 1, 3]

79: [1, 3, 2, 1, 3, 2],[3, 1, 2, 3, 3, 1],[2, 3, 3, 1, 2, 3],[1, 3, 2, 3, 3, 1],[2, 3, 1, 3, 3, 2],[3, 1, 3, 2, 1, 3]

79: [2, 3, 1, 1, 2, 3],[1, 3, 2, 3, 3, 1],[2, 3, 1, 3, 2, 3],[1, 3, 2, 3, 1, 3],[2, 3, 3, 1, 3, 2],[3, 1, 3, 2, 3, 1]

79: [1, 2, 3, 1, 2, 3],[3, 3, 3, 2, 3, 1],[2, 1, 1, 3, 3, 2],[3, 2, 3, 1, 1, 3],[1, 3, 3, 2, 2, 3],[2, 3, 1, 3, 3, 1]

79: [2, 1, 2, 3, 1, 3],[3, 1, 3, 3, 1, 2],[2, 3, 1, 2, 3, 3],[1, 2, 3, 3, 3, 1],[2, 3, 3, 1, 2, 3],[3, 1, 2, 3, 3, 1]

79: [1, 3, 2, 3, 1, 3],[2, 3, 1, 3, 2, 2],[3, 3, 2, 3, 3, 1],[1, 1, 3, 1, 3, 2],[2, 3, 3, 1, 2, 3],[3, 1, 2, 3, 3, 1]

79: [1, 3, 2, 3, 1, 3],[2, 3, 1, 3, 3, 2],[3, 2, 1, 2, 3, 1],[1, 3, 3, 3, 3, 2],[3, 3, 2, 1, 1, 3],[2, 1, 3, 2, 3, 1]

79: [1, 2, 3, 1, 3, 2],[3, 3, 3, 2, 3, 1],[2, 1, 1, 3, 3, 2],[3, 2, 3, 3, 1, 3],[1, 3, 3, 2, 1, 2],[2, 3, 1, 3, 1, 3]

79: [1, 3, 2, 3, 1, 3],[2, 3, 1, 3, 2, 2],[3, 3, 2, 3, 3, 1],[1, 1, 3, 1, 2, 3],[2, 3, 3, 1, 2, 3],[3, 1, 2, 3, 3, 1]

79: [1, 3, 2, 3, 1, 3],[2, 3, 1, 3, 3, 2],[3, 3, 1, 2, 3, 1],[1, 2, 3, 3, 3, 2],[2, 3, 3, 1, 1, 3],[3, 1, 2, 3, 2, 1]

79: [1, 3, 2, 3, 1, 3],[2, 3, 1, 3, 3, 2],[3, 3, 1, 2, 3, 1],[1, 2, 2, 3, 3, 2],[2, 3, 3, 1, 1, 3],[3, 1, 3, 2, 3, 1]

79: [1, 3, 2, 3, 1, 2],[2, 3, 1, 3, 2, 3],[3, 3, 2, 3, 3, 1],[1, 1, 3, 1, 3, 2],[2, 3, 3, 1, 2, 3],[3, 1, 2, 3, 3, 1]

79: [2, 1, 2, 3, 1, 3],[3, 3, 3, 3, 1, 2],[1, 2, 1, 2, 3, 3],[1, 3, 3, 3, 3, 1],[2, 3, 2, 1, 2, 3],[3, 1, 3, 2, 3, 1]

79: [1, 2, 3, 1, 3, 2],[3, 3, 3, 2, 3, 1],[2, 1, 1, 3, 3, 2],[3, 3, 2, 3, 1, 3],[1, 3, 3, 3, 1, 3],[3, 2, 1, 2, 1, 2]

79: [1, 3, 2, 3, 1, 3],[2, 3, 1, 3, 3, 2],[3, 3, 1, 2, 3, 1],[1, 2, 3, 3, 3, 2],[2, 2, 3, 1, 1, 3],[3, 1, 3, 2, 3, 1]

79: [1, 3, 2, 2, 1, 2],[3, 2, 1, 3, 1, 3],[1, 3, 3, 3, 2, 3],[3, 3, 2, 1, 3, 1],[2, 1, 3, 3, 3, 2],[3, 1, 3, 2, 1, 3]

79: [2, 1, 2, 3, 1, 3],[3, 3, 3, 3, 1, 2],[1, 2, 1, 2, 3, 3],[1, 3, 3, 3, 3, 1],[2, 3, 2, 1, 2, 3],[3, 1, 3, 3, 2, 1]

79: [1, 3, 2, 3, 1, 3],[2, 3, 1, 3, 3, 2],[3, 2, 1, 2, 3, 1],[1, 3, 3, 3, 3, 2],[3, 3, 2, 1, 1, 3],[2, 1, 3, 2, 3, 1]

79: [1, 3, 2, 2, 1, 2],[3, 2, 1, 3, 1, 3],[1, 3, 3, 3, 2, 3],[3, 3, 2, 1, 3, 1],[2, 1, 3, 3, 3, 2],[3, 1, 3, 2, 1, 3]

79: [2, 1, 2, 3, 1, 3],[3, 2, 3, 3, 1, 2],[1, 3, 1, 2, 3, 3],[1, 3, 2, 3, 3, 1],[2, 3, 3, 1, 2, 3],[3, 1, 2, 3, 3, 1]

79: [2, 1, 2, 3, 1, 3],[3, 3, 3, 3, 1, 2],[1, 2, 1, 2, 3, 3],[1, 2, 3, 3, 3, 1],[2, 3, 3, 1, 2, 3],[3, 1, 2, 3, 3, 1]

79: [1, 3, 2, 3, 1, 3],[2, 3, 1, 3, 3, 2],[3, 2, 1, 2, 3, 1],[1, 3, 3, 3, 3, 2],[3, 3, 2, 1, 1, 3],[2, 1, 3, 2, 3, 1]

79: [2, 3, 1, 1, 2, 3],[1, 3, 2, 3, 3, 1],[2, 3, 1, 3, 2, 3],[1, 3, 2, 3, 1, 3],[2, 3, 3, 1, 3, 2],[3, 1, 3, 2, 3, 1]

79: [1, 3, 2, 3, 1, 3],[2, 3, 1, 3, 2, 2],[3, 3, 2, 3, 3, 1],[1, 1, 3, 1, 3, 2],[2, 3, 2, 1, 3, 3],[3, 1, 3, 3, 2, 1]

79: [3, 1, 3, 2, 1, 3],[2, 3, 3, 1, 3, 2],[1, 3, 2, 3, 3, 1],[2, 3, 1, 3, 2, 3],[1, 3, 2, 3, 1, 1],[2, 3, 1, 3, 2, 3]

79: [1, 3, 2, 3, 1, 3],[2, 3, 1, 3, 3, 2],[3, 3, 1, 2, 3, 1],[1, 2, 3, 3, 3, 2],[3, 3, 2, 1, 1, 3],[2, 1, 3, 3, 2, 1]

79: [2, 1, 2, 3, 1, 3],[3, 2, 3, 3, 1, 2],[1, 3, 1, 2, 3, 3],[1, 3, 2, 3, 3, 1],[2, 3, 3, 1, 2, 3],[3, 1, 3, 2, 3, 1]

79: [2, 1, 2, 3, 1, 3],[3, 1, 3, 3, 1, 2],[2, 3, 1, 2, 3, 3],[1, 2, 3, 3, 3, 1],[2, 3, 3, 1, 2, 3],[3, 1, 2, 3, 3, 1]

79: [2, 1, 2, 3, 1, 3],[2, 3, 3, 3, 1, 2],[1, 3, 1, 2, 3, 3],[1, 2, 3, 3, 3, 1],[2, 3, 3, 1, 2, 3],[3, 1, 2, 3, 3, 1]

79: [1, 3, 2, 3, 1, 3],[2, 3, 1, 3, 3, 2],[3, 3, 1, 2, 3, 1],[1, 2, 3, 3, 3, 2],[3, 3, 3, 1, 1, 3],[2, 1, 2, 3, 2, 1]

79: [2, 1, 2, 3, 1, 3],[2, 3, 3, 3, 1, 2],[1, 3, 1, 2, 3, 3],[1, 2, 3, 3, 3, 1],[2, 3, 3, 1, 2, 3],[3, 1, 2, 3, 3, 1]

79: [2, 3, 1, 1, 2, 3],[1, 3, 2, 3, 3, 1],[2, 3, 1, 3, 2, 3],[1, 3, 2, 3, 1, 3],[2, 3, 3, 1, 3, 2],[3, 1, 3, 2, 3, 1]

79: [2, 1, 2, 3, 1, 3],[3, 1, 3, 3, 1, 2],[2, 3, 1, 2, 3, 3],[1, 3, 2, 3, 3, 1],[2, 3, 3, 1, 2, 3],[3, 1, 2, 3, 3, 1]

79: [1, 3, 2, 3, 1, 3],[2, 3, 1, 3, 3, 2],[1, 2, 3, 2, 3, 1],[1, 3, 3, 1, 3, 2],[2, 3, 2, 1, 3, 3],[3, 1, 3, 3, 2, 1]

79: [1, 3, 2, 3, 1, 3],[2, 3, 1, 3, 3, 2],[1, 3, 3, 2, 3, 1],[1, 2, 3, 1, 3, 2],[2, 3, 3, 1, 3, 3],[3, 1, 2, 3, 2, 1]

79: [1, 3, 2, 3, 1, 3],[2, 3, 1, 3, 3, 2],[3, 3, 1, 2, 3, 1],[1, 2, 3, 3, 3, 2],[2, 3, 3, 1, 1, 3],[3, 1, 2, 2, 3, 1]

79: [1, 3, 2, 2, 1, 3],[2, 3, 1, 3, 3, 2],[3, 3, 2, 3, 3, 1],[1, 1, 3, 1, 2, 3],[2, 3, 3, 1, 2, 3],[3, 1, 2, 3, 3, 1]

79: [1, 2, 3, 1, 2, 3],[3, 3, 3, 2, 3, 1],[2, 1, 1, 3, 3, 2],[3, 2, 3, 1, 1, 3],[1, 3, 3, 2, 2, 3],[3, 2, 1, 3, 3, 1]

79: [1, 2, 3, 1, 3, 2],[3, 3, 3, 2, 3, 1],[2, 1, 1, 3, 3, 2],[3, 2, 3, 3, 1, 3],[1, 3, 3, 2, 1, 3],[3, 2, 1, 3, 1, 2]

79: [1, 2, 3, 1, 3, 2],[3, 3, 2, 3, 3, 1],[2, 1, 1, 3, 2, 3],[3, 3, 2, 3, 1, 3],[1, 3, 3, 3, 1, 2],[3, 2, 1, 2, 1, 3]

79: [1, 3, 2, 3, 1, 3],[2, 2, 1, 3, 3, 2],[3, 3, 3, 2, 3, 1],[1, 1, 3, 1, 3, 2],[2, 3, 2, 1, 3, 3],[3, 1, 3, 3, 2, 1]

79: [2, 1, 2, 3, 1, 3],[3, 1, 3, 3, 1, 2],[2, 3, 1, 2, 3, 3],[1, 3, 2, 3, 3, 1],[2, 3, 3, 1, 2, 3],[3, 1, 3, 2, 3, 1]

79: [1, 3, 2, 1, 3, 2],[3, 1, 3, 2, 3, 1],[2, 3, 3, 1, 2, 3],[1, 3, 2, 3, 3, 1],[2, 3, 1, 3, 3, 2],[3, 1, 3, 2, 1, 3]

79: [1, 3, 2, 3, 1, 3],[2, 3, 1, 3, 3, 2],[3, 3, 1, 2, 3, 1],[1, 2, 3, 3, 3, 2],[2, 2, 3, 1, 1, 3],[3, 1, 3, 2, 3, 1]

79: [1, 2, 3, 1, 2, 3],[3, 3, 2, 3, 3, 1],[2, 1, 1, 3, 2, 3],[3, 3, 2, 1, 1, 3],[1, 3, 3, 3, 3, 2],[3, 2, 1, 2, 3, 1]

79: [1, 2, 3, 1, 3, 2],[3, 3, 3, 2, 3, 1],[2, 1, 1, 3, 2, 3],[3, 2, 3, 3, 1, 3],[1, 3, 3, 2, 1, 2],[3, 2, 1, 3, 1, 3]

79: [1, 2, 3, 1, 3, 2],[3, 1, 2, 3, 3, 1],[2, 3, 3, 1, 2, 3],[1, 3, 2, 3, 3, 1],[2, 3, 1, 3, 3, 2],[3, 1, 3, 2, 1, 3]

79: [1, 3, 2, 2, 1, 3],[2, 3, 1, 3, 3, 2],[3, 3, 2, 3, 3, 1],[1, 1, 3, 1, 2, 3],[2, 3, 3, 1, 2, 3],[3, 1, 2, 3, 3, 1]

79: [2, 1, 2, 3, 1, 3],[3, 2, 3, 3, 1, 2],[1, 3, 1, 2, 3, 3],[1, 3, 2, 3, 3, 1],[2, 3, 3, 1, 2, 3],[3, 1, 2, 3, 3, 1]

79: [1, 2, 3, 1, 3, 2],[3, 1, 2, 3, 3, 1],[2, 3, 3, 1, 2, 3],[1, 3, 2, 3, 3, 1],[2, 3, 1, 3, 3, 2],[3, 1, 3, 2, 1, 3]

79: [2, 1, 2, 3, 1, 3],[3, 1, 3, 3, 1, 2],[2, 3, 1, 2, 3, 3],[1, 3, 2, 3, 3, 1],[2, 3, 3, 1, 2, 3],[3, 1, 3, 2, 3, 1]

79: [1, 2, 3, 1, 3, 2],[3, 3, 3, 2, 3, 1],[2, 1, 1, 3, 3, 2],[3, 3, 2, 3, 1, 3],[1, 3, 3, 3, 1, 2],[3, 2, 1, 2, 1, 3]

79: [1, 3, 2, 3, 1, 3],[2, 3, 1, 3, 3, 2],[2, 3, 3, 2, 3, 1],[1, 1, 3, 1, 3, 2],[2, 3, 2, 1, 3, 3],[3, 1, 3, 3, 2, 1]

79: [1, 2, 3, 1, 3, 2],[3, 3, 3, 2, 3, 1],[2, 1, 1, 3, 3, 2],[3, 3, 2, 3, 1, 3],[1, 3, 3, 3, 1, 3],[3, 2, 1, 2, 1, 2]

79: [1, 3, 2, 3, 1, 3],[2, 3, 1, 3, 3, 2],[1, 3, 3, 2, 3, 1],[1, 2, 3, 1, 3, 2],[2, 3, 2, 1, 3, 3],[3, 1, 3, 3, 2, 1]

79: [1, 2, 3, 1, 3, 2],[3, 3, 3, 2, 3, 1],[2, 1, 1, 3, 3, 2],[3, 2, 3, 3, 1, 3],[1, 3, 3, 2, 1, 2],[2, 3, 1, 3, 1, 3]

79: [1, 3, 2, 3, 1, 3],[2, 3, 1, 3, 3, 2],[3, 3, 1, 2, 3, 1],[1, 2, 3, 3, 3, 2],[2, 2, 3, 1, 1, 3],[3, 1, 3, 2, 3, 1]

79: [1, 3, 2, 3, 1, 3],[2, 3, 1, 3, 3, 2],[2, 3, 3, 2, 3, 1],[1, 1, 3, 1, 3, 2],[2, 3, 2, 1, 3, 3],[3, 1, 3, 3, 2, 1]

79: [2, 1, 2, 3, 1, 3],[3, 2, 3, 3, 1, 2],[1, 3, 1, 2, 3, 3],[1, 2, 3, 3, 3, 1],[2, 3, 3, 1, 2, 3],[3, 1, 2, 3, 3, 1]

79: [1, 2, 3, 1, 2, 3],[3, 3, 2, 3, 3, 1],[2, 1, 1, 3, 2, 3],[3, 3, 2, 1, 1, 3],[1, 3, 3, 3, 3, 2],[3, 2, 1, 2, 3, 1]

79: [2, 1, 2, 3, 1, 3],[3, 3, 3, 3, 1, 2],[1, 2, 1, 2, 3, 3],[1, 3, 2, 3, 3, 1],[2, 3, 3, 1, 2, 3],[3, 1, 3, 2, 3, 1]

79: [2, 1, 2, 3, 1, 3],[3, 3, 3, 3, 1, 2],[1, 2, 1, 2, 3, 3],[1, 3, 2, 3, 3, 1],[2, 3, 3, 1, 2, 3],[3, 1, 3, 2, 3, 1]

79: [1, 3, 2, 2, 1, 3],[2, 3, 1, 3, 3, 2],[3, 3, 2, 3, 3, 1],[1, 1, 3, 1, 2, 3],[2, 3, 3, 1, 2, 3],[3, 1, 2, 3, 3, 1]

79: [1, 3, 2, 3, 1, 3],[2, 3, 1, 3, 3, 2],[1, 2, 3, 2, 3, 1],[1, 3, 3, 1, 3, 2],[2, 3, 2, 1, 3, 3],[3, 1, 3, 3, 2, 1]

79: [2, 1, 2, 3, 1, 3],[3, 2, 3, 3, 1, 2],[1, 3, 1, 2, 3, 3],[1, 3, 2, 3, 3, 1],[2, 3, 3, 1, 2, 3],[3, 1, 3, 2, 3, 1]

79: [1, 3, 2, 3, 1, 3],[2, 3, 1, 3, 3, 2],[3, 2, 1, 2, 3, 1],[1, 3, 3, 3, 3, 2],[2, 3, 2, 1, 1, 3],[3, 1, 3, 2, 3, 1]

79: [2, 1, 2, 3, 1, 3],[3, 1, 3, 3, 1, 2],[2, 3, 1, 2, 3, 3],[1, 3, 2, 3, 3, 1],[2, 3, 3, 1, 2, 3],[3, 1, 3, 2, 3, 1]

79: [1, 3, 2, 3, 1, 3],[2, 3, 1, 3, 3, 2],[3, 2, 1, 2, 3, 1],[1, 3, 3, 3, 3, 2],[3, 3, 2, 1, 1, 3],[2, 1, 3, 2, 3, 1]

79: [1, 3, 2, 3, 1, 2],[2, 3, 1, 3, 2, 3],[3, 3, 2, 3, 3, 1],[1, 1, 3, 1, 2, 3],[2, 3, 3, 1, 2, 3],[3, 1, 2, 3, 3, 1]

79: [2, 1, 2, 3, 1, 3],[3, 1, 3, 3, 1, 2],[2, 3, 1, 2, 3, 3],[1, 3, 2, 3, 3, 1],[2, 3, 3, 1, 2, 3],[3, 1, 2, 3, 3, 1]

79: [2, 1, 2, 3, 1, 3],[3, 1, 3, 3, 1, 2],[2, 3, 1, 2, 3, 3],[1, 2, 3, 3, 3, 1],[2, 3, 3, 1, 2, 3],[3, 1, 2, 3, 3, 1]

79: [1, 3, 2, 3, 1, 3],[2, 3, 1, 3, 3, 2],[1, 3, 3, 2, 3, 1],[1, 2, 3, 1, 3, 3],[2, 3, 3, 1, 2, 2],[3, 1, 2, 3, 3, 1]

79: [1, 2, 3, 1, 3, 2],[3, 3, 2, 3, 3, 1],[2, 1, 1, 3, 2, 3],[3, 2, 3, 3, 1, 3],[1, 3, 3, 2, 1, 2],[2, 3, 1, 3, 1, 3]

79: [1, 2, 3, 1, 3, 2],[3, 3, 3, 2, 3, 1],[2, 1, 1, 3, 2, 3],[3, 2, 3, 3, 1, 3],[1, 3, 3, 2, 1, 2],[3, 2, 1, 3, 1, 3]

79: [1, 3, 2, 3, 1, 3],[2, 3, 1, 3, 3, 2],[3, 2, 1, 2, 3, 1],[1, 3, 3, 3, 3, 2],[3, 3, 2, 1, 1, 3],[2, 1, 3, 2, 3, 1]

79: [1, 3, 2, 3, 1, 3],[2, 3, 1, 3, 3, 2],[3, 2, 3, 2, 3, 1],[1, 1, 3, 1, 3, 2],[2, 3, 2, 1, 3, 3],[3, 1, 3, 3, 2, 1]

79: [2, 1, 2, 3, 1, 3],[3, 1, 3, 3, 1, 2],[2, 3, 1, 2, 3, 3],[1, 2, 3, 3, 3, 1],[2, 3, 3, 1, 2, 3],[3, 1, 2, 3, 3, 1]

79: [1, 2, 3, 1, 2, 3],[3, 3, 3, 2, 3, 1],[2, 1, 1, 3, 3, 2],[3, 3, 2, 1, 1, 3],[1, 3, 3, 2, 2, 3],[3, 2, 1, 3, 3, 1]

79: [1, 2, 3, 1, 3, 2],[3, 3, 2, 3, 3, 1],[2, 1, 1, 3, 2, 3],[3, 2, 3, 3, 1, 3],[1, 3, 3, 2, 1, 2],[2, 3, 1, 3, 1, 3]

79: [1, 3, 2, 3, 1, 3],[2, 3, 1, 3, 3, 2],[1, 3, 3, 2, 3, 1],[1, 2, 3, 1, 3, 3],[2, 3, 3, 1, 2, 2],[3, 1, 2, 3, 3, 1]

79: [2, 1, 2, 3, 1, 3],[2, 3, 3, 3, 1, 2],[1, 3, 1, 2, 3, 3],[1, 2, 3, 3, 3, 1],[2, 3, 3, 1, 2, 3],[3, 1, 2, 3, 3, 1]

79: [1, 2, 3, 1, 3, 2],[3, 3, 2, 3, 3, 1],[2, 1, 1, 3, 2, 3],[3, 2, 3, 3, 1, 3],[1, 3, 3, 2, 1, 2],[2, 3, 1, 3, 1, 3]

79: [2, 1, 2, 3, 1, 3],[3, 1, 3, 3, 1, 2],[2, 3, 1, 2, 3, 3],[1, 2, 3, 3, 3, 1],[2, 3, 3, 1, 2, 3],[3, 1, 2, 3, 3, 1]

79: [1, 3, 2, 2, 1, 3],[2, 3, 1, 3, 3, 2],[3, 3, 2, 3, 3, 1],[1, 1, 3, 1, 2, 3],[2, 3, 3, 1, 2, 3],[3, 1, 2, 3, 3, 1]

79: [1, 2, 3, 1, 3, 2],[3, 3, 3, 2, 3, 1],[2, 1, 1, 3, 3, 2],[3, 2, 3, 3, 1, 3],[1, 3, 3, 2, 1, 2],[2, 3, 1, 3, 1, 3]

79: [1, 2, 3, 1, 3, 2],[3, 3, 3, 2, 3, 1],[2, 1, 1, 3, 3, 2],[3, 2, 3, 3, 1, 3],[1, 3, 3, 2, 1, 2],[2, 3, 1, 3, 1, 3]

79: [1, 2, 3, 1, 2, 3],[3, 3, 3, 2, 3, 1],[2, 1, 1, 3, 3, 2],[3, 3, 2, 1, 1, 3],[1, 3, 3, 3, 3, 2],[3, 2, 1, 2, 3, 1]

79: [1, 3, 2, 3, 1, 3],[2, 3, 1, 3, 3, 2],[3, 2, 1, 2, 3, 1],[1, 3, 3, 3, 3, 2],[2, 3, 2, 1, 1, 3],[3, 1, 3, 3, 2, 1]

79: [2, 1, 2, 3, 1, 3],[2, 3, 3, 3, 1, 2],[1, 3, 1, 2, 3, 3],[1, 2, 3, 3, 3, 1],[2, 3, 3, 1, 2, 3],[3, 1, 2, 3, 3, 1]

79: [2, 1, 2, 3, 1, 3],[3, 1, 3, 3, 1, 2],[2, 3, 1, 2, 3, 3],[1, 3, 2, 3, 3, 1],[2, 3, 3, 1, 2, 3],[3, 1, 3, 2, 3, 1]

79: [1, 3, 2, 3, 1, 3],[2, 3, 1, 3, 3, 2],[3, 3, 2, 2, 3, 1],[1, 1, 3, 1, 3, 2],[2, 3, 2, 1, 3, 3],[3, 1, 3, 3, 2, 1]

79: [1, 2, 3, 1, 3, 2],[3, 3, 3, 2, 3, 1],[2, 1, 1, 3, 2, 3],[3, 2, 3, 3, 1, 3],[1, 3, 3, 2, 1, 2],[2, 3, 1, 3, 1, 3]

79: [2, 1, 2, 3, 1, 3],[3, 1, 3, 3, 1, 2],[2, 3, 1, 2, 3, 3],[1, 2, 3, 3, 3, 1],[2, 3, 3, 1, 2, 3],[3, 1, 2, 3, 3, 1]

79: [1, 3, 2, 2, 1, 2],[3, 2, 1, 3, 1, 3],[1, 3, 3, 3, 2, 3],[3, 3, 2, 1, 3, 1],[2, 1, 3, 3, 3, 2],[3, 1, 3, 2, 1, 3]

79: [2, 1, 2, 3, 1, 3],[3, 1, 3, 3, 1, 2],[2, 3, 1, 2, 3, 3],[1, 3, 2, 3, 3, 1],[2, 3, 3, 1, 2, 3],[3, 1, 2, 3, 3, 1]

79: [1, 2, 3, 1, 2, 3],[3, 3, 3, 2, 3, 1],[2, 1, 1, 3, 3, 2],[3, 2, 3, 1, 1, 3],[1, 3, 3, 2, 2, 3],[2, 3, 1, 3, 3, 1]

79: [1, 3, 2, 3, 1, 3],[2, 3, 1, 3, 2, 2],[3, 3, 2, 3, 3, 1],[1, 1, 3, 1, 3, 2],[2, 3, 3, 1, 3, 3],[3, 1, 2, 3, 2, 1]

79: [1, 2, 3, 1, 2, 3],[3, 3, 3, 2, 3, 1],[2, 1, 1, 3, 3, 2],[3, 3, 2, 1, 1, 3],[1, 3, 3, 3, 2, 3],[3, 2, 1, 2, 3, 1]

79: [1, 3, 2, 3, 1, 3],[2, 3, 1, 3, 2, 2],[3, 3, 2, 3, 3, 1],[1, 1, 3, 1, 3, 2],[2, 3, 2, 1, 3, 3],[3, 1, 3, 3, 2, 1]

79: [1, 3, 2, 3, 1, 3],[2, 3, 1, 3, 3, 2],[2, 3, 1, 2, 3, 1],[1, 3, 2, 3, 3, 2],[2, 3, 3, 1, 1, 3],[3, 1, 3, 2, 3, 1]

79: [1, 3, 2, 3, 1, 3],[2, 2, 1, 3, 3, 2],[3, 3, 1, 2, 3, 1],[1, 3, 2, 3, 3, 2],[2, 3, 3, 1, 1, 3],[3, 1, 3, 2, 3, 1]

79: [1, 2, 3, 1, 3, 2],[3, 3, 3, 2, 3, 1],[2, 1, 1, 3, 3, 2],[3, 2, 3, 3, 1, 3],[1, 3, 3, 2, 1, 3],[2, 3, 1, 3, 1, 2]

79: [2, 1, 2, 3, 1, 3],[3, 3, 3, 3, 1, 2],[1, 2, 1, 2, 3, 3],[1, 3, 3, 3, 3, 1],[2, 3, 2, 1, 2, 3],[3, 1, 2, 3, 3, 1]

79: [1, 3, 2, 3, 1, 3],[2, 3, 1, 3, 3, 2],[3, 3, 2, 2, 3, 1],[1, 1, 3, 1, 3, 2],[2, 3, 2, 1, 3, 3],[3, 1, 3, 3, 2, 1]

79: [1, 3, 2, 3, 1, 3],[2, 3, 1, 3, 3, 2],[1, 3, 3, 2, 3, 1],[1, 2, 3, 1, 3, 2],[2, 3, 3, 1, 2, 3],[3, 1, 2, 3, 3, 1]

79: [1, 2, 3, 1, 3, 2],[3, 1, 2, 3, 3, 1],[2, 3, 3, 1, 2, 3],[1, 3, 2, 3, 3, 1],[2, 3, 1, 3, 3, 2],[3, 1, 3, 2, 1, 3]

79: [1, 2, 3, 1, 3, 2],[3, 3, 2, 3, 3, 1],[2, 1, 1, 3, 2, 3],[3, 2, 3, 3, 1, 3],[1, 3, 3, 2, 1, 2],[3, 2, 1, 3, 1, 3]

79: [1, 3, 2, 2, 1, 2],[3, 2, 1, 3, 1, 3],[1, 3, 3, 3, 2, 3],[3, 3, 2, 1, 3, 1],[2, 1, 3, 3, 3, 2],[3, 1, 3, 2, 1, 3]

79: [1, 2, 3, 1, 3, 2],[3, 3, 2, 3, 3, 1],[2, 1, 1, 3, 2, 3],[3, 2, 3, 3, 1, 3],[1, 3, 3, 2, 1, 2],[3, 2, 1, 3, 1, 3]

79: [2, 3, 1, 1, 2, 3],[1, 3, 2, 3, 3, 1],[2, 3, 1, 3, 2, 3],[1, 3, 2, 3, 1, 3],[2, 3, 3, 1, 3, 2],[3, 1, 3, 2, 3, 1]

79: [1, 3, 2, 1, 3, 2],[3, 1, 3, 2, 3, 1],[2, 3, 3, 1, 2, 3],[1, 3, 2, 3, 3, 1],[2, 3, 1, 3, 3, 2],[3, 1, 3, 2, 1, 3]

79: [2, 1, 2, 3, 1, 3],[3, 1, 3, 3, 1, 2],[2, 3, 1, 2, 3, 3],[1, 2, 3, 3, 3, 1],[2, 3, 3, 1, 2, 3],[3, 1, 2, 3, 3, 1]

79: [1, 3, 2, 3, 1, 2],[2, 3, 1, 3, 2, 3],[3, 3, 2, 3, 3, 1],[1, 1, 3, 1, 3, 2],[2, 3, 2, 1, 3, 3],[3, 1, 3, 3, 2, 1]

79: [2, 1, 2, 3, 1, 3],[3, 3, 3, 3, 1, 2],[1, 2, 1, 2, 3, 3],[1, 3, 2, 3, 3, 1],[2, 3, 3, 1, 2, 3],[3, 1, 3, 2, 3, 1]

79: [1, 2, 3, 1, 3, 2],[3, 3, 3, 2, 3, 1],[2, 1, 1, 3, 3, 2],[3, 3, 2, 3, 1, 3],[1, 3, 3, 3, 1, 2],[3, 2, 1, 2, 1, 3]

79: [1, 2, 3, 1, 3, 2],[3, 3, 3, 2, 3, 1],[2, 1, 1, 3, 3, 2],[3, 3, 2, 3, 1, 3],[1, 3, 3, 3, 1, 2],[3, 2, 1, 2, 1, 3]

79: [1, 3, 2, 2, 1, 2],[3, 2, 1, 3, 1, 3],[1, 3, 3, 3, 2, 3],[3, 3, 2, 1, 3, 1],[2, 1, 3, 3, 3, 2],[3, 1, 3, 2, 1, 3]

79: [1, 3, 2, 3, 1, 3],[2, 3, 1, 3, 3, 2],[3, 3, 1, 2, 3, 1],[1, 2, 3, 3, 3, 2],[2, 3, 2, 1, 1, 3],[3, 1, 3, 2, 3, 1]

79: [1, 2, 3, 1, 3, 2],[3, 1, 3, 2, 3, 1],[2, 3, 3, 1, 2, 3],[1, 3, 2, 3, 3, 1],[2, 3, 1, 3, 3, 2],[3, 1, 3, 2, 1, 3]

79: [2, 3, 1, 1, 2, 3],[1, 3, 2, 3, 3, 1],[2, 3, 1, 3, 2, 3],[1, 3, 2, 3, 1, 3],[2, 3, 3, 1, 3, 2],[3, 1, 3, 2, 3, 1]

79: [1, 3, 2, 3, 1, 3],[2, 3, 1, 3, 2, 2],[3, 3, 2, 3, 3, 1],[1, 1, 3, 1, 3, 2],[2, 3, 2, 1, 3, 3],[3, 1, 3, 3, 2, 1]

79: [1, 2, 3, 1, 3, 2],[3, 3, 3, 2, 3, 1],[2, 1, 1, 3, 2, 3],[3, 3, 2, 3, 1, 3],[1, 3, 3, 2, 1, 2],[3, 2, 1, 3, 1, 3]

79: [1, 3, 2, 2, 1, 3],[2, 3, 1, 3, 3, 2],[3, 3, 2, 3, 3, 1],[1, 1, 3, 1, 2, 3],[2, 3, 3, 1, 2, 3],[3, 1, 2, 3, 3, 1]

79: [1, 3, 2, 3, 1, 3],[2, 3, 1, 3, 2, 2],[3, 3, 2, 3, 3, 1],[1, 1, 3, 1, 3, 2],[2, 3, 2, 1, 3, 3],[3, 1, 3, 3, 2, 1]

79: [1, 2, 3, 1, 3, 2],[3, 1, 3, 2, 3, 1],[2, 3, 3, 1, 2, 3],[1, 3, 2, 3, 3, 1],[2, 3, 1, 3, 3, 2],[3, 1, 3, 2, 1, 3]

79: [2, 1, 2, 3, 1, 3],[3, 1, 3, 3, 1, 2],[2, 3, 1, 2, 3, 3],[1, 3, 2, 3, 3, 1],[2, 3, 3, 1, 2, 3],[3, 1, 3, 2, 3, 1]

79: [1, 2, 3, 1, 3, 2],[3, 3, 3, 2, 3, 1],[2, 1, 1, 3, 3, 2],[3, 2, 3, 3, 1, 3],[1, 3, 3, 2, 1, 3],[2, 3, 1, 3, 1, 2]

79: [1, 2, 3, 1, 2, 3],[3, 3, 3, 2, 3, 1],[2, 1, 1, 3, 3, 2],[3, 2, 3, 1, 1, 3],[1, 3, 3, 2, 2, 3],[2, 3, 1, 3, 3, 1]

79: [2, 3, 1, 1, 2, 3],[1, 3, 2, 3, 3, 1],[2, 3, 1, 3, 2, 3],[1, 3, 2, 3, 1, 3],[2, 3, 3, 1, 3, 2],[3, 1, 3, 2, 3, 1]

79: [1, 3, 2, 2, 1, 3],[2, 3, 1, 3, 3, 2],[3, 3, 2, 3, 3, 1],[1, 1, 3, 1, 2, 3],[2, 3, 3, 1, 2, 3],[3, 1, 2, 3, 3, 1]

79: [1, 3, 2, 3, 1, 3],[2, 3, 1, 3, 3, 2],[3, 3, 2, 2, 3, 1],[1, 1, 3, 1, 3, 2],[2, 3, 3, 1, 3, 3],[3, 1, 2, 3, 2, 1]

79: [1, 2, 3, 1, 3, 2],[3, 3, 3, 2, 3, 1],[2, 1, 1, 3, 3, 2],[3, 2, 3, 3, 1, 3],[1, 3, 3, 2, 1, 2],[2, 3, 1, 3, 1, 3]

79: [1, 2, 3, 1, 2, 3],[3, 3, 3, 2, 3, 1],[2, 1, 1, 3, 3, 2],[3, 3, 2, 1, 1, 3],[1, 3, 3, 2, 2, 3],[3, 2, 1, 3, 3, 1]

79: [2, 1, 2, 3, 1, 3],[3, 1, 3, 3, 1, 2],[2, 3, 1, 2, 3, 3],[1, 3, 2, 3, 3, 1],[2, 3, 3, 1, 2, 3],[3, 1, 3, 2, 3, 1]

79: [1, 3, 2, 3, 1, 3],[2, 3, 1, 3, 3, 2],[3, 3, 1, 2, 3, 1],[1, 2, 3, 3, 3, 2],[2, 3, 3, 1, 1, 3],[3, 1, 2, 2, 3, 1]

79: [1, 2, 3, 1, 3, 2],[3, 3, 3, 2, 3, 1],[2, 1, 1, 3, 3, 2],[3, 2, 3, 3, 1, 3],[1, 3, 3, 2, 1, 2],[2, 3, 1, 3, 1, 3]

79: [1, 3, 2, 3, 1, 3],[2, 3, 1, 3, 3, 2],[3, 3, 1, 2, 3, 1],[1, 2, 3, 3, 3, 2],[2, 3, 3, 1, 1, 3],[3, 1, 2, 2, 3, 1]

79: [1, 3, 2, 3, 1, 2],[2, 3, 1, 3, 2, 3],[3, 3, 2, 3, 3, 1],[1, 1, 3, 1, 2, 3],[2, 3, 3, 1, 2, 3],[3, 1, 2, 3, 3, 1]

79: [1, 3, 2, 3, 1, 3],[2, 3, 1, 3, 3, 2],[3, 2, 3, 2, 3, 1],[1, 1, 3, 1, 3, 2],[2, 3, 2, 1, 3, 3],[3, 1, 3, 3, 2, 1]

79: [2, 1, 2, 3, 1, 3],[3, 3, 3, 3, 1, 2],[1, 2, 1, 2, 3, 3],[1, 3, 3, 3, 3, 1],[2, 3, 2, 1, 2, 3],[3, 1, 3, 3, 2, 1]

79: [1, 3, 2, 3, 1, 3],[2, 3, 1, 3, 3, 2],[3, 3, 1, 2, 3, 1],[1, 2, 3, 3, 3, 2],[2, 3, 3, 1, 1, 3],[3, 1, 2, 2, 3, 1]

79: [2, 1, 2, 3, 1, 3],[3, 3, 3, 3, 1, 2],[1, 2, 1, 2, 3, 3],[1, 3, 2, 3, 3, 1],[2, 3, 3, 1, 2, 3],[3, 1, 3, 2, 3, 1]

79: [1, 3, 2, 1, 3, 2],[3, 1, 3, 2, 3, 1],[2, 3, 3, 1, 2, 3],[1, 3, 2, 3, 3, 1],[2, 3, 1, 3, 3, 2],[3, 1, 3, 2, 1, 3]

79: [1, 3, 2, 3, 1, 2],[2, 3, 1, 3, 2, 3],[3, 3, 2, 3, 3, 1],[1, 1, 3, 1, 3, 2],[2, 3, 3, 1, 2, 3],[3, 1, 2, 3, 3, 1]

79: [2, 1, 2, 3, 1, 3],[3, 2, 3, 3, 1, 2],[1, 3, 1, 2, 3, 3],[1, 3, 2, 3, 3, 1],[2, 3, 3, 1, 2, 3],[3, 1, 3, 2, 3, 1]

79: [2, 1, 2, 3, 1, 3],[3, 3, 3, 3, 1, 2],[1, 2, 1, 2, 3, 3],[1, 3, 3, 2, 3, 1],[2, 3, 3, 1, 2, 3],[3, 1, 2, 3, 3, 1]

79: [1, 2, 3, 1, 3, 2],[3, 3, 2, 3, 3, 1],[2, 1, 1, 3, 2, 3],[3, 3, 2, 3, 1, 3],[1, 3, 3, 3, 1, 2],[3, 2, 1, 2, 1, 3]

79: [1, 3, 2, 3, 1, 3],[2, 3, 1, 3, 2, 2],[3, 3, 2, 3, 3, 1],[1, 1, 3, 1, 3, 3],[2, 3, 3, 1, 2, 2],[3, 1, 2, 3, 3, 1]

79: [2, 1, 2, 3, 1, 3],[3, 3, 3, 3, 1, 2],[1, 2, 1, 2, 3, 3],[1, 3, 3, 3, 3, 1],[2, 3, 2, 1, 2, 3],[3, 1, 2, 3, 3, 1]

79: [2, 1, 2, 3, 1, 3],[3, 1, 3, 3, 1, 2],[2, 3, 1, 2, 3, 3],[1, 3, 2, 3, 3, 1],[2, 3, 3, 1, 2, 3],[3, 1, 2, 3, 3, 1]

79: [1, 3, 2, 2, 1, 3],[2, 3, 1, 3, 3, 2],[3, 3, 2, 3, 3, 1],[1, 1, 3, 1, 2, 3],[2, 3, 3, 1, 2, 3],[3, 1, 2, 3, 3, 1]

79: [1, 2, 3, 1, 3, 2],[3, 3, 3, 2, 3, 1],[2, 1, 1, 3, 3, 2],[3, 3, 2, 3, 1, 3],[1, 3, 3, 2, 1, 3],[3, 2, 1, 3, 1, 2]

79: [1, 3, 2, 3, 1, 3],[2, 3, 1, 3, 3, 2],[3, 2, 1, 2, 3, 1],[1, 3, 2, 3, 3, 2],[2, 3, 3, 1, 1, 3],[3, 1, 3, 2, 3, 1]

79: [1, 3, 2, 3, 1, 3],[2, 3, 1, 2, 3, 2],[3, 3, 2, 3, 3, 1],[1, 1, 3, 1, 2, 3],[2, 3, 3, 1, 2, 3],[3, 1, 2, 3, 3, 1]

79: [2, 1, 2, 3, 1, 3],[3, 2, 3, 3, 1, 2],[1, 3, 1, 2, 3, 3],[1, 3, 2, 3, 3, 1],[2, 3, 3, 1, 2, 3],[3, 1, 3, 2, 3, 1]

79: [1, 2, 3, 1, 3, 2],[3, 3, 3, 2, 3, 1],[2, 1, 1, 3, 3, 2],[3, 3, 2, 3, 1, 3],[1, 3, 3, 2, 1, 2],[3, 2, 1, 3, 1, 3]

79: [2, 3, 1, 1, 2, 3],[1, 3, 2, 3, 3, 1],[2, 3, 1, 3, 2, 3],[1, 3, 2, 3, 1, 3],[2, 3, 3, 1, 3, 2],[3, 1, 3, 2, 3, 1]

79: [1, 3, 2, 3, 1, 3],[2, 3, 1, 3, 3, 2],[1, 3, 3, 2, 3, 1],[1, 2, 3, 1, 2, 3],[2, 3, 3, 1, 2, 3],[3, 1, 2, 3, 3, 1]

79: [1, 3, 2, 3, 1, 3],[2, 3, 1, 3, 3, 2],[3, 3, 1, 2, 3, 1],[1, 2, 3, 3, 3, 2],[2, 3, 2, 1, 1, 3],[3, 1, 3, 2, 3, 1]

79: [2, 1, 2, 3, 1, 3],[3, 1, 3, 3, 1, 2],[2, 3, 1, 2, 3, 3],[1, 3, 2, 3, 3, 1],[2, 3, 3, 1, 2, 3],[3, 1, 3, 2, 3, 1]

79: [1, 3, 2, 3, 1, 3],[2, 3, 1, 3, 3, 2],[3, 2, 1, 2, 3, 1],[1, 3, 2, 3, 3, 2],[2, 3, 3, 1, 1, 3],[3, 1, 3, 2, 3, 1]

79: [2, 1, 2, 3, 1, 3],[3, 3, 3, 3, 1, 2],[1, 2, 1, 2, 3, 3],[1, 2, 3, 3, 3, 1],[2, 3, 3, 1, 2, 3],[3, 1, 2, 3, 3, 1]

79: [1, 2, 3, 1, 3, 2],[3, 1, 3, 2, 3, 1],[2, 3, 3, 1, 2, 3],[1, 3, 2, 3, 3, 1],[2, 3, 1, 3, 3, 2],[3, 1, 3, 2, 1, 3]

79: [1, 2, 3, 1, 3, 2],[3, 3, 2, 3, 3, 1],[2, 1, 1, 3, 2, 3],[3, 2, 3, 3, 1, 3],[1, 3, 3, 2, 1, 2],[2, 3, 1, 3, 1, 3]

79: [1, 3, 2, 2, 1, 3],[2, 3, 1, 3, 3, 2],[3, 3, 2, 3, 3, 1],[1, 1, 3, 1, 2, 3],[2, 3, 3, 1, 2, 3],[3, 1, 2, 3, 3, 1]

79: [1, 3, 2, 2, 1, 2],[3, 2, 1, 3, 1, 3],[1, 3, 3, 3, 2, 3],[3, 3, 2, 1, 3, 1],[2, 1, 3, 3, 3, 2],[3, 1, 3, 2, 1, 3]

79: [1, 2, 3, 1, 2, 3],[3, 3, 2, 3, 3, 1],[2, 1, 1, 3, 2, 3],[3, 3, 2, 1, 1, 3],[1, 3, 3, 3, 3, 2],[3, 2, 1, 2, 3, 1]

79: [1, 2, 3, 1, 3, 2],[3, 3, 3, 2, 3, 1],[2, 1, 1, 3, 3, 2],[3, 3, 2, 3, 1, 3],[1, 3, 3, 2, 1, 3],[3, 2, 1, 3, 1, 2]

79: [1, 2, 3, 1, 2, 3],[3, 3, 3, 2, 3, 1],[2, 1, 1, 3, 3, 2],[3, 2, 3, 1, 1, 3],[1, 3, 3, 2, 2, 3],[3, 2, 1, 3, 3, 1]

79: [1, 3, 2, 3, 1, 3],[2, 3, 1, 3, 3, 2],[3, 3, 1, 2, 3, 1],[1, 2, 3, 3, 3, 2],[2, 2, 3, 1, 1, 3],[3, 1, 3, 2, 3, 1]

79: [1, 3, 2, 3, 1, 3],[2, 3, 1, 3, 2, 2],[3, 3, 2, 3, 3, 1],[1, 1, 3, 1, 3, 3],[2, 3, 3, 1, 2, 2],[3, 1, 2, 3, 3, 1]

79: [2, 1, 2, 3, 1, 3],[3, 3, 3, 3, 1, 2],[1, 2, 1, 2, 3, 3],[1, 3, 3, 3, 3, 1],[2, 3, 2, 1, 2, 3],[3, 1, 3, 3, 2, 1]

79: [1, 2, 3, 1, 3, 2],[3, 3, 3, 2, 3, 1],[2, 1, 1, 3, 3, 2],[3, 2, 3, 3, 1, 3],[1, 3, 3, 2, 1, 3],[3, 2, 1, 3, 1, 2]

79: [1, 2, 3, 1, 3, 2],[3, 3, 3, 2, 3, 1],[2, 1, 1, 3, 3, 2],[3, 3, 2, 3, 1, 3],[1, 3, 3, 2, 1, 2],[3, 2, 1, 3, 1, 3]

79: [1, 3, 2, 3, 1, 3],[2, 3, 1, 3, 3, 2],[3, 2, 3, 2, 3, 1],[1, 1, 3, 1, 3, 2],[2, 3, 2, 1, 3, 3],[3, 1, 3, 3, 2, 1]

79: [2, 1, 2, 3, 1, 3],[3, 1, 3, 3, 1, 2],[2, 3, 1, 2, 3, 3],[1, 2, 3, 3, 3, 1],[2, 3, 3, 1, 2, 3],[3, 1, 2, 3, 3, 1]

79: [2, 1, 2, 3, 1, 3],[2, 3, 3, 3, 1, 2],[1, 3, 1, 2, 3, 3],[1, 2, 3, 3, 3, 1],[2, 3, 3, 1, 2, 3],[3, 1, 2, 3, 3, 1]

79: [1, 3, 2, 3, 1, 3],[2, 3, 1, 3, 2, 2],[3, 3, 2, 3, 3, 1],[1, 1, 3, 1, 3, 2],[2, 3, 3, 1, 3, 3],[3, 1, 2, 3, 2, 1]

79: [2, 3, 1, 1, 2, 3],[1, 3, 2, 3, 3, 1],[2, 3, 1, 3, 2, 3],[1, 3, 2, 3, 1, 3],[2, 3, 3, 1, 3, 2],[3, 1, 3, 2, 3, 1]

79: [2, 1, 2, 3, 1, 3],[3, 1, 3, 3, 1, 2],[2, 3, 1, 2, 3, 3],[1, 3, 2, 3, 3, 1],[2, 3, 3, 1, 2, 3],[3, 1, 2, 3, 3, 1]

79: [1, 2, 3, 1, 2, 3],[3, 3, 3, 2, 3, 1],[2, 1, 1, 3, 2, 3],[3, 3, 2, 1, 1, 3],[1, 3, 3, 3, 3, 2],[3, 2, 1, 2, 3, 1]

79: [1, 3, 2, 2, 1, 3],[2, 3, 1, 3, 3, 2],[3, 3, 2, 3, 3, 1],[1, 1, 3, 1, 2, 3],[2, 3, 3, 1, 2, 3],[3, 1, 2, 3, 3, 1]

79: [1, 3, 2, 2, 1, 3],[2, 3, 1, 3, 3, 2],[3, 3, 2, 3, 3, 1],[1, 1, 3, 1, 2, 3],[2, 3, 3, 1, 2, 3],[3, 1, 2, 3, 3, 1]

79: [1, 2, 3, 1, 3, 2],[3, 3, 3, 2, 3, 1],[2, 1, 1, 3, 3, 2],[3, 3, 2, 3, 1, 3],[1, 3, 3, 3, 1, 3],[3, 2, 1, 2, 1, 2]

79: [1, 2, 3, 1, 3, 2],[3, 3, 3, 2, 3, 1],[2, 1, 1, 3, 2, 3],[3, 2, 3, 3, 1, 3],[1, 3, 3, 2, 1, 2],[3, 2, 1, 3, 1, 3]

79: [1, 2, 3, 1, 3, 2],[3, 3, 2, 3, 3, 1],[2, 1, 1, 3, 2, 3],[3, 3, 2, 3, 1, 3],[1, 3, 3, 3, 1, 2],[3, 2, 1, 2, 1, 3]

79: [1, 3, 2, 3, 1, 3],[2, 3, 1, 3, 3, 2],[1, 3, 3, 2, 3, 1],[1, 2, 3, 1, 3, 2],[2, 3, 3, 1, 3, 3],[3, 1, 2, 3, 2, 1]

79: [1, 2, 3, 1, 3, 2],[3, 3, 3, 2, 3, 1],[2, 1, 1, 3, 3, 2],[3, 3, 2, 3, 1, 3],[1, 3, 3, 3, 1, 3],[3, 2, 1, 2, 1, 2]

79: [1, 3, 2, 3, 1, 3],[2, 3, 1, 3, 3, 2],[2, 3, 3, 2, 3, 1],[1, 1, 3, 1, 3, 2],[2, 3, 2, 1, 3, 3],[3, 1, 3, 3, 2, 1]

79: [1, 3, 2, 1, 3, 2],[3, 1, 3, 3, 2, 1],[2, 3, 3, 1, 2, 3],[1, 3, 2, 3, 3, 1],[2, 3, 1, 3, 3, 2],[3, 1, 3, 2, 1, 3]

79: [1, 3, 2, 3, 1, 3],[2, 3, 1, 3, 3, 2],[1, 2, 3, 2, 3, 1],[1, 3, 3, 1, 3, 2],[2, 3, 2, 1, 3, 3],[3, 1, 3, 3, 2, 1]

79: [1, 3, 2, 1, 3, 2],[3, 1, 3, 2, 3, 1],[2, 3, 3, 1, 2, 3],[1, 3, 2, 3, 3, 1],[2, 3, 1, 3, 3, 2],[3, 1, 3, 2, 1, 3]

79: [1, 2, 3, 1, 3, 2],[3, 3, 2, 3, 3, 1],[2, 1, 1, 3, 2, 3],[3, 2, 3, 3, 1, 3],[1, 3, 3, 2, 1, 2],[2, 3, 1, 3, 1, 3]

79: [1, 3, 2, 2, 1, 3],[2, 3, 1, 3, 3, 2],[3, 3, 2, 3, 3, 1],[1, 1, 3, 1, 2, 3],[2, 3, 3, 1, 2, 3],[3, 1, 2, 3, 3, 1]

79: [2, 1, 2, 3, 1, 3],[3, 3, 3, 3, 1, 2],[1, 2, 1, 2, 3, 3],[1, 2, 3, 3, 3, 1],[2, 3, 3, 1, 2, 3],[3, 1, 2, 3, 3, 1]

79: [1, 3, 2, 2, 1, 3],[2, 3, 1, 3, 3, 2],[3, 3, 2, 3, 3, 1],[1, 1, 3, 1, 2, 3],[2, 3, 3, 1, 2, 3],[3, 1, 2, 3, 3, 1]

79: [1, 3, 2, 3, 1, 3],[2, 3, 1, 3, 3, 2],[3, 2, 1, 2, 3, 1],[1, 3, 3, 3, 3, 2],[2, 3, 2, 1, 1, 3],[3, 1, 3, 3, 2, 1]

79: [2, 1, 2, 3, 1, 3],[3, 3, 3, 3, 1, 2],[1, 2, 1, 2, 3, 3],[1, 3, 3, 3, 3, 1],[2, 3, 2, 1, 2, 3],[3, 1, 3, 2, 3, 1]

79: [1, 2, 3, 1, 3, 2],[3, 3, 2, 3, 3, 1],[2, 1, 1, 3, 2, 3],[3, 2, 3, 3, 1, 3],[1, 3, 3, 2, 1, 2],[2, 3, 1, 3, 1, 3]

79: [2, 1, 2, 3, 1, 3],[3, 3, 3, 3, 1, 2],[1, 2, 1, 2, 3, 3],[1, 3, 2, 3, 3, 1],[2, 3, 3, 1, 2, 3],[3, 1, 2, 3, 3, 1]

79: [2, 1, 2, 3, 1, 3],[3, 2, 3, 3, 1, 2],[1, 3, 1, 2, 3, 3],[1, 3, 2, 3, 3, 1],[2, 3, 3, 1, 2, 3],[3, 1, 2, 3, 3, 1]

79: [2, 3, 1, 1, 2, 3],[1, 3, 2, 3, 3, 1],[2, 3, 1, 3, 2, 3],[1, 3, 2, 3, 1, 3],[2, 3, 3, 1, 3, 2],[3, 1, 3, 2, 3, 1]

79: [2, 1, 2, 3, 1, 3],[2, 3, 3, 3, 1, 2],[1, 3, 1, 2, 3, 3],[1, 2, 3, 3, 3, 1],[2, 3, 3, 1, 2, 3],[3, 1, 2, 3, 3, 1]

79: [2, 1, 2, 3, 1, 3],[2, 3, 3, 3, 1, 2],[1, 3, 1, 2, 3, 3],[1, 2, 3, 3, 3, 1],[2, 3, 3, 1, 2, 3],[3, 1, 2, 3, 3, 1]

79: [1, 3, 2, 3, 1, 3],[2, 3, 1, 3, 2, 2],[3, 3, 2, 3, 3, 1],[1, 1, 3, 1, 3, 2],[2, 3, 3, 1, 3, 3],[3, 1, 2, 3, 2, 1]

79: [1, 2, 3, 1, 3, 2],[3, 3, 2, 3, 3, 1],[2, 1, 1, 3, 2, 3],[3, 2, 3, 3, 1, 3],[1, 3, 3, 2, 1, 2],[2, 3, 1, 3, 1, 3]

79: [1, 3, 2, 3, 1, 2],[2, 3, 1, 3, 2, 3],[3, 3, 2, 3, 3, 1],[1, 1, 3, 1, 3, 2],[2, 3, 3, 1, 2, 3],[3, 1, 2, 3, 3, 1]

79: [2, 1, 2, 3, 1, 3],[3, 2, 3, 3, 1, 2],[1, 3, 1, 2, 3, 3],[1, 2, 3, 3, 3, 1],[2, 3, 3, 1, 2, 3],[3, 1, 2, 3, 3, 1]

79: [1, 2, 3, 1, 2, 3],[3, 3, 3, 2, 3, 1],[2, 1, 1, 3, 3, 2],[3, 2, 3, 1, 1, 3],[1, 3, 3, 2, 2, 3],[3, 2, 1, 3, 3, 1]

79: [2, 1, 2, 3, 1, 3],[3, 3, 3, 3, 1, 2],[1, 2, 1, 2, 3, 3],[1, 3, 3, 3, 3, 1],[2, 3, 2, 1, 2, 3],[3, 1, 3, 3, 2, 1]

79: [1, 3, 2, 3, 1, 3],[2, 3, 1, 3, 3, 2],[3, 2, 3, 2, 3, 1],[1, 1, 3, 1, 3, 2],[2, 3, 2, 1, 3, 3],[3, 1, 3, 3, 2, 1]

79: [2, 1, 2, 3, 1, 3],[3, 2, 3, 3, 1, 2],[1, 3, 1, 2, 3, 3],[1, 3, 2, 3, 3, 1],[2, 3, 3, 1, 2, 3],[3, 1, 2, 3, 3, 1]

79: [1, 2, 3, 1, 3, 2],[3, 3, 3, 2, 3, 1],[2, 1, 1, 3, 3, 2],[3, 3, 2, 3, 1, 3],[1, 3, 3, 3, 1, 3],[3, 2, 1, 2, 1, 2]

79: [1, 3, 2, 2, 1, 2],[3, 2, 1, 3, 1, 3],[1, 3, 3, 3, 2, 3],[3, 3, 2, 1, 3, 1],[2, 1, 3, 3, 3, 2],[3, 1, 3, 2, 1, 3]

79: [1, 2, 3, 1, 3, 2],[3, 3, 2, 3, 3, 1],[2, 1, 1, 3, 2, 3],[3, 2, 3, 3, 1, 3],[1, 3, 3, 2, 1, 2],[2, 3, 1, 3, 1, 3]

79: [1, 3, 2, 3, 1, 3],[2, 3, 1, 3, 3, 2],[3, 3, 2, 2, 3, 1],[1, 1, 3, 1, 2, 3],[2, 3, 3, 1, 2, 3],[3, 1, 2, 3, 3, 1]

79: [1, 3, 2, 2, 1, 3],[2, 3, 1, 3, 3, 2],[3, 3, 2, 3, 3, 1],[1, 1, 3, 1, 2, 3],[2, 3, 3, 1, 2, 3],[3, 1, 2, 3, 3, 1]

79: [1, 2, 3, 1, 2, 3],[3, 3, 2, 3, 3, 1],[2, 1, 1, 3, 2, 3],[3, 3, 2, 1, 1, 3],[1, 3, 3, 3, 3, 2],[3, 2, 1, 2, 3, 1]

79: [1, 3, 2, 3, 1, 3],[2, 3, 1, 3, 3, 2],[3, 2, 3, 2, 3, 1],[1, 1, 3, 1, 3, 2],[2, 3, 2, 1, 3, 3],[3, 1, 3, 3, 2, 1]

79: [1, 3, 2, 1, 3, 2],[3, 1, 3, 2, 3, 1],[2, 3, 3, 1, 2, 3],[1, 3, 2, 3, 3, 1],[2, 3, 1, 3, 3, 2],[3, 1, 3, 2, 1, 3]

79: [1, 3, 2, 3, 1, 3],[2, 3, 1, 3, 2, 2],[3, 3, 2, 3, 3, 1],[1, 1, 3, 1, 3, 2],[2, 3, 2, 1, 3, 3],[3, 1, 3, 3, 2, 1]

79: [1, 3, 2, 2, 1, 2],[3, 2, 1, 3, 1, 3],[1, 3, 3, 3, 2, 3],[3, 3, 2, 1, 3, 1],[2, 1, 3, 3, 3, 2],[3, 1, 3, 2, 1, 3]

79: [1, 3, 2, 1, 3, 2],[3, 1, 3, 3, 2, 1],[2, 3, 3, 1, 2, 3],[1, 3, 2, 3, 3, 1],[2, 3, 1, 3, 3, 2],[3, 1, 3, 2, 1, 3]

79: [1, 3, 2, 3, 1, 3],[2, 3, 1, 3, 3, 2],[3, 3, 2, 2, 3, 1],[1, 1, 3, 1, 3, 3],[2, 3, 3, 1, 2, 2],[3, 1, 2, 3, 3, 1]

79: [1, 3, 2, 3, 1, 3],[2, 3, 1, 3, 3, 2],[3, 2, 3, 2, 3, 1],[1, 1, 3, 1, 3, 2],[2, 3, 2, 1, 3, 3],[3, 1, 3, 3, 2, 1]

79: [1, 3, 2, 3, 1, 3],[2, 3, 1, 3, 3, 2],[1, 3, 3, 2, 3, 1],[1, 2, 3, 1, 3, 2],[2, 3, 2, 1, 3, 3],[3, 1, 3, 3, 2, 1]

79: [2, 1, 2, 3, 1, 3],[3, 3, 3, 3, 1, 2],[1, 2, 1, 2, 3, 3],[1, 3, 3, 3, 3, 1],[2, 3, 2, 1, 2, 3],[3, 1, 3, 2, 3, 1]

79: [1, 3, 2, 3, 1, 3],[2, 3, 1, 3, 3, 2],[3, 3, 1, 2, 3, 1],[1, 2, 3, 3, 3, 2],[3, 3, 3, 1, 1, 3],[2, 1, 2, 2, 3, 1]

79: [1, 2, 3, 1, 2, 3],[3, 3, 3, 2, 3, 1],[2, 1, 1, 3, 3, 2],[3, 3, 2, 1, 1, 3],[1, 3, 3, 3, 2, 3],[3, 2, 1, 3, 2, 1]

79: [1, 3, 2, 3, 1, 3],[2, 3, 1, 3, 3, 2],[3, 2, 1, 2, 3, 1],[1, 3, 2, 3, 3, 2],[2, 3, 3, 1, 1, 3],[3, 1, 3, 2, 3, 1]

79: [1, 3, 2, 3, 1, 3],[2, 3, 1, 3, 3, 2],[3, 3, 2, 2, 3, 1],[1, 1, 3, 1, 3, 2],[2, 3, 3, 1, 2, 3],[3, 1, 2, 3, 3, 1]

79: [1, 3, 2, 3, 1, 3],[2, 3, 1, 3, 3, 2],[3, 2, 1, 2, 3, 1],[1, 3, 3, 3, 3, 2],[3, 3, 2, 1, 1, 3],[2, 1, 3, 3, 2, 1]

79: [1, 3, 2, 3, 1, 3],[2, 3, 1, 3, 3, 2],[3, 2, 1, 2, 3, 1],[1, 3, 3, 3, 3, 2],[2, 3, 2, 1, 1, 3],[3, 1, 3, 2, 3, 1]

79: [1, 3, 2, 3, 1, 3],[2, 3, 1, 3, 3, 2],[3, 3, 2, 2, 3, 1],[1, 1, 3, 1, 3, 2],[2, 3, 3, 1, 2, 3],[3, 1, 2, 3, 3, 1]

79: [1, 3, 2, 3, 1, 3],[2, 3, 1, 3, 3, 2],[1, 3, 3, 2, 3, 1],[1, 2, 3, 1, 3, 2],[2, 3, 3, 1, 2, 3],[3, 1, 2, 3, 3, 1]

79: [1, 3, 2, 3, 1, 3],[2, 3, 1, 3, 3, 2],[3, 2, 1, 2, 3, 1],[1, 3, 3, 3, 3, 2],[3, 3, 2, 1, 1, 3],[2, 1, 3, 2, 3, 1]

79: [1, 3, 2, 3, 1, 3],[2, 3, 1, 3, 3, 2],[3, 2, 1, 2, 3, 1],[1, 3, 3, 3, 3, 2],[3, 3, 2, 1, 1, 3],[2, 1, 3, 2, 3, 1]

79: [2, 1, 2, 3, 1, 3],[3, 2, 3, 3, 1, 2],[1, 3, 1, 2, 3, 3],[1, 3, 2, 3, 3, 1],[2, 3, 3, 1, 2, 3],[3, 1, 3, 2, 3, 1]

79: [1, 2, 3, 1, 2, 3],[3, 3, 3, 2, 3, 1],[2, 1, 1, 3, 3, 2],[3, 3, 2, 1, 1, 3],[1, 3, 3, 2, 2, 3],[3, 2, 1, 3, 3, 1]

79: [1, 3, 2, 3, 1, 3],[2, 3, 1, 3, 3, 2],[1, 3, 3, 2, 3, 1],[1, 2, 3, 1, 3, 2],[2, 3, 3, 1, 3, 3],[3, 1, 2, 3, 2, 1]

79: [1, 3, 2, 3, 1, 3],[2, 3, 1, 3, 3, 2],[3, 2, 1, 2, 3, 1],[1, 3, 3, 3, 3, 2],[2, 3, 2, 1, 1, 3],[3, 1, 3, 2, 3, 1]

79: [3, 1, 3, 2, 1, 3],[2, 3, 3, 1, 3, 2],[1, 3, 2, 3, 3, 1],[2, 3, 1, 3, 2, 3],[1, 3, 2, 3, 1, 1],[2, 3, 1, 3, 2, 3]

79: [1, 2, 3, 1, 2, 3],[3, 3, 3, 2, 3, 1],[2, 1, 1, 3, 2, 3],[3, 3, 2, 1, 1, 3],[1, 3, 3, 3, 3, 2],[3, 2, 1, 2, 3, 1]

79: [1, 2, 3, 1, 3, 2],[3, 3, 3, 2, 3, 1],[2, 1, 1, 3, 3, 2],[3, 2, 3, 3, 1, 3],[1, 3, 3, 2, 1, 3],[2, 3, 1, 3, 1, 2]

79: [1, 3, 2, 3, 1, 2],[2, 3, 1, 3, 2, 3],[3, 3, 2, 3, 3, 1],[1, 1, 3, 1, 3, 2],[2, 3, 3, 1, 3, 3],[3, 1, 2, 3, 2, 1]

79: [2, 1, 2, 3, 1, 3],[3, 2, 3, 3, 1, 2],[1, 3, 1, 2, 3, 3],[1, 2, 3, 3, 3, 1],[2, 3, 3, 1, 2, 3],[3, 1, 2, 3, 3, 1]

79: [2, 1, 2, 3, 1, 3],[3, 1, 3, 3, 1, 2],[2, 3, 1, 2, 3, 3],[1, 3, 2, 3, 3, 1],[2, 3, 3, 1, 2, 3],[3, 1, 2, 3, 3, 1]

79: [1, 2, 3, 1, 2, 3],[3, 3, 3, 2, 3, 1],[2, 1, 1, 3, 3, 2],[3, 2, 3, 1, 1, 3],[1, 3, 3, 2, 2, 3],[2, 3, 1, 3, 3, 1]

79: [1, 2, 3, 1, 2, 3],[3, 3, 3, 2, 3, 1],[2, 1, 1, 3, 2, 3],[3, 3, 2, 1, 1, 3],[1, 3, 3, 3, 3, 2],[3, 2, 1, 2, 3, 1]

79: [1, 3, 2, 3, 1, 3],[2, 3, 1, 3, 3, 2],[1, 3, 3, 2, 3, 1],[1, 2, 3, 1, 3, 2],[2, 3, 2, 1, 3, 3],[3, 1, 3, 3, 2, 1]

79: [1, 3, 2, 2, 1, 3],[2, 3, 1, 3, 3, 2],[3, 3, 2, 3, 3, 1],[1, 1, 3, 1, 2, 3],[2, 3, 3, 1, 2, 3],[3, 1, 2, 3, 3, 1]

79: [1, 2, 3, 1, 3, 2],[3, 3, 3, 2, 3, 1],[2, 1, 1, 3, 2, 3],[3, 3, 2, 3, 1, 3],[1, 3, 3, 2, 1, 2],[3, 2, 1, 3, 1, 3]

79: [1, 3, 2, 3, 1, 3],[2, 3, 1, 3, 3, 2],[3, 3, 1, 2, 3, 1],[1, 2, 3, 3, 3, 2],[3, 3, 3, 1, 1, 3],[2, 1, 2, 2, 3, 1]

79: [1, 3, 2, 2, 1, 3],[2, 3, 1, 3, 3, 2],[3, 3, 2, 3, 3, 1],[1, 1, 3, 1, 2, 3],[2, 3, 3, 1, 2, 3],[3, 1, 2, 3, 3, 1]

79: [1, 3, 2, 2, 1, 3],[2, 3, 1, 3, 3, 2],[3, 3, 2, 3, 3, 1],[1, 1, 3, 1, 2, 3],[2, 3, 3, 1, 2, 3],[3, 1, 2, 3, 3, 1]

79: [1, 3, 2, 1, 3, 2],[3, 1, 3, 2, 3, 1],[2, 3, 3, 1, 2, 3],[1, 3, 2, 3, 3, 1],[2, 3, 1, 3, 3, 2],[3, 1, 3, 2, 1, 3]

79: [1, 3, 2, 3, 1, 2],[2, 3, 1, 3, 2, 3],[3, 3, 2, 3, 3, 1],[1, 1, 3, 1, 2, 3],[2, 3, 3, 1, 2, 3],[3, 1, 2, 3, 3, 1]

79: [1, 2, 3, 1, 2, 3],[3, 3, 3, 2, 3, 1],[2, 1, 1, 3, 3, 2],[3, 3, 2, 1, 1, 3],[1, 3, 3, 3, 2, 3],[3, 2, 1, 3, 2, 1]

79: [2, 1, 2, 3, 1, 3],[3, 1, 3, 3, 1, 2],[2, 3, 1, 2, 3, 3],[1, 2, 3, 3, 3, 1],[2, 3, 3, 1, 2, 3],[3, 1, 2, 3, 3, 1]

79: [1, 2, 3, 1, 3, 2],[3, 3, 3, 2, 3, 1],[2, 1, 1, 3, 3, 2],[3, 3, 2, 3, 1, 3],[1, 3, 3, 2, 1, 3],[3, 2, 1, 3, 1, 2]

79: [1, 3, 2, 3, 1, 3],[2, 3, 1, 3, 3, 2],[3, 3, 1, 2, 3, 1],[1, 2, 3, 3, 3, 2],[2, 3, 3, 1, 1, 3],[3, 1, 2, 3, 2, 1]

79: [1, 3, 2, 2, 1, 3],[2, 3, 1, 3, 3, 2],[3, 3, 2, 3, 3, 1],[1, 1, 3, 1, 2, 3],[2, 3, 3, 1, 2, 3],[3, 1, 2, 3, 3, 1]

79: [1, 3, 2, 1, 3, 2],[3, 1, 2, 3, 3, 1],[2, 3, 3, 1, 2, 3],[1, 3, 2, 3, 3, 1],[2, 3, 1, 3, 3, 2],[3, 1, 3, 2, 1, 3]

79: [1, 2, 3, 1, 2, 3],[3, 3, 2, 3, 3, 1],[2, 1, 1, 3, 2, 3],[3, 3, 2, 1, 1, 3],[1, 3, 3, 3, 3, 2],[3, 2, 1, 2, 3, 1]

79: [1, 3, 2, 3, 1, 3],[2, 3, 1, 3, 3, 2],[3, 3, 1, 2, 3, 1],[1, 2, 3, 3, 3, 2],[2, 3, 2, 1, 1, 3],[3, 1, 3, 2, 3, 1]

79: [1, 3, 2, 3, 1, 3],[2, 2, 1, 3, 3, 2],[3, 3, 1, 2, 3, 1],[1, 3, 2, 3, 3, 2],[2, 3, 3, 1, 1, 3],[3, 1, 3, 2, 3, 1]

79: [1, 2, 3, 1, 2, 3],[3, 3, 3, 2, 3, 1],[2, 1, 1, 3, 3, 2],[3, 2, 3, 1, 1, 3],[1, 3, 3, 2, 2, 3],[2, 3, 1, 3, 3, 1]

79: [1, 2, 3, 1, 2, 3],[3, 3, 3, 2, 3, 1],[2, 1, 1, 3, 3, 2],[3, 2, 3, 1, 1, 3],[1, 3, 3, 2, 2, 3],[3, 2, 1, 3, 3, 1]

79: [2, 1, 2, 3, 1, 3],[3, 3, 3, 3, 1, 2],[1, 2, 1, 2, 3, 3],[1, 3, 3, 3, 3, 1],[2, 3, 2, 1, 2, 3],[3, 1, 2, 3, 3, 1]

79: [1, 2, 3, 1, 3, 2],[3, 3, 3, 2, 3, 1],[2, 1, 1, 3, 2, 3],[3, 3, 2, 3, 1, 3],[1, 3, 3, 2, 1, 2],[3, 2, 1, 3, 1, 3]

79: [2, 1, 2, 3, 1, 3],[3, 1, 3, 3, 1, 2],[2, 3, 1, 2, 3, 3],[1, 3, 2, 3, 3, 1],[2, 3, 3, 1, 2, 3],[3, 1, 3, 2, 3, 1]

79: [1, 3, 2, 3, 1, 3],[2, 3, 1, 3, 3, 2],[3, 2, 1, 2, 3, 1],[1, 3, 3, 3, 3, 2],[2, 3, 2, 1, 1, 3],[3, 1, 3, 3, 2, 1]

79: [2, 3, 1, 1, 2, 3],[1, 3, 2, 3, 3, 1],[2, 3, 1, 3, 2, 3],[1, 3, 2, 3, 1, 3],[2, 3, 3, 1, 3, 2],[3, 1, 3, 2, 3, 1]

79: [1, 3, 2, 1, 3, 2],[3, 1, 3, 2, 3, 1],[2, 3, 3, 1, 2, 3],[1, 3, 2, 3, 3, 1],[2, 3, 1, 3, 3, 2],[3, 1, 3, 2, 1, 3]

79: [1, 3, 2, 2, 1, 3],[2, 3, 1, 3, 3, 2],[3, 3, 2, 3, 3, 1],[1, 1, 3, 1, 2, 3],[2, 3, 3, 1, 2, 3],[3, 1, 2, 3, 3, 1]

79: [2, 1, 2, 3, 1, 3],[3, 3, 3, 3, 1, 2],[1, 2, 1, 2, 3, 3],[1, 3, 3, 2, 3, 1],[2, 3, 3, 1, 2, 3],[3, 1, 2, 3, 3, 1]

79: [1, 3, 2, 3, 1, 3],[2, 2, 1, 3, 3, 2],[3, 3, 3, 2, 3, 1],[1, 1, 3, 1, 3, 2],[2, 3, 2, 1, 3, 3],[3, 1, 3, 3, 2, 1]

79: [1, 2, 3, 1, 2, 3],[3, 3, 3, 2, 3, 1],[2, 1, 1, 3, 2, 3],[3, 3, 2, 1, 1, 3],[1, 3, 3, 3, 3, 2],[3, 2, 1, 2, 3, 1]

79: [2, 3, 1, 1, 2, 3],[1, 3, 2, 3, 3, 1],[2, 3, 1, 3, 2, 3],[1, 3, 2, 3, 1, 3],[2, 3, 3, 1, 3, 2],[3, 1, 3, 2, 3, 1]

79: [2, 1, 2, 3, 1, 3],[3, 1, 3, 3, 1, 2],[2, 3, 1, 2, 3, 3],[1, 3, 2, 3, 3, 1],[2, 3, 3, 1, 2, 3],[3, 1, 3, 2, 3, 1]

79: [1, 3, 2, 1, 3, 2],[3, 1, 3, 2, 3, 1],[2, 3, 3, 1, 2, 3],[1, 3, 2, 3, 3, 1],[2, 3, 1, 3, 3, 2],[3, 1, 3, 2, 1, 3]

79: [1, 3, 2, 3, 1, 2],[2, 3, 1, 2, 3, 3],[3, 3, 2, 3, 3, 1],[1, 1, 3, 1, 2, 3],[2, 3, 3, 1, 2, 3],[3, 1, 2, 3, 3, 1]

79: [1, 2, 3, 1, 3, 2],[3, 3, 3, 2, 3, 1],[2, 1, 1, 3, 2, 3],[3, 2, 3, 3, 1, 3],[1, 3, 3, 2, 1, 2],[3, 2, 1, 3, 1, 3]

79: [1, 3, 2, 2, 1, 2],[3, 2, 1, 3, 1, 3],[1, 3, 3, 3, 2, 3],[3, 3, 2, 1, 3, 1],[2, 1, 3, 3, 3, 2],[3, 1, 3, 2, 1, 3]

79: [2, 1, 2, 3, 1, 3],[3, 2, 3, 3, 1, 2],[1, 3, 1, 2, 3, 3],[1, 3, 2, 3, 3, 1],[2, 3, 3, 1, 2, 3],[3, 1, 3, 2, 3, 1]

79: [1, 2, 3, 1, 2, 3],[3, 3, 3, 2, 3, 1],[2, 1, 1, 3, 3, 2],[3, 3, 2, 1, 1, 3],[1, 3, 3, 2, 2, 3],[3, 2, 1, 3, 3, 1]

79: [2, 1, 2, 3, 1, 3],[3, 3, 3, 3, 1, 2],[1, 2, 1, 2, 3, 3],[1, 3, 3, 3, 3, 1],[2, 3, 2, 1, 2, 3],[3, 1, 2, 3, 3, 1]

79: [1, 3, 2, 3, 1, 3],[2, 3, 1, 3, 3, 2],[3, 3, 1, 2, 3, 1],[1, 2, 3, 3, 3, 2],[2, 3, 3, 1, 1, 3],[3, 1, 2, 2, 3, 1]

79: [2, 1, 2, 3, 1, 3],[3, 3, 3, 3, 1, 2],[1, 2, 1, 2, 3, 3],[1, 3, 3, 3, 3, 1],[2, 3, 2, 1, 2, 3],[3, 1, 3, 3, 2, 1]

79: [1, 3, 2, 3, 1, 3],[2, 3, 1, 3, 3, 2],[1, 3, 3, 2, 3, 1],[1, 2, 3, 1, 3, 2],[2, 3, 2, 1, 3, 3],[3, 1, 3, 3, 2, 1]

79: [1, 3, 2, 3, 1, 3],[2, 3, 1, 3, 3, 2],[2, 3, 1, 2, 3, 1],[1, 3, 2, 3, 3, 2],[2, 3, 3, 1, 1, 3],[3, 1, 3, 2, 3, 1]

79: [1, 3, 2, 3, 1, 3],[2, 3, 1, 3, 3, 2],[1, 2, 3, 2, 3, 1],[1, 3, 3, 1, 3, 2],[2, 3, 2, 1, 3, 3],[3, 1, 3, 3, 2, 1]

79: [1, 2, 3, 1, 3, 2],[3, 3, 3, 2, 3, 1],[2, 1, 1, 3, 3, 2],[3, 2, 3, 3, 1, 3],[1, 3, 3, 2, 1, 2],[3, 2, 1, 3, 1, 3]

79: [2, 1, 2, 3, 1, 3],[3, 1, 3, 3, 1, 2],[2, 3, 1, 2, 3, 3],[1, 3, 2, 3, 3, 1],[2, 3, 3, 1, 2, 3],[3, 1, 3, 2, 3, 1]

79: [1, 3, 2, 3, 1, 3],[2, 3, 1, 3, 3, 2],[3, 3, 2, 2, 3, 1],[1, 1, 3, 1, 2, 3],[2, 3, 3, 1, 2, 3],[3, 1, 2, 3, 3, 1]

79: [1, 3, 2, 1, 3, 2],[3, 1, 2, 3, 3, 1],[2, 3, 3, 1, 2, 3],[1, 3, 2, 3, 3, 1],[2, 3, 1, 3, 3, 2],[3, 1, 3, 2, 1, 3]

79: [1, 3, 2, 3, 1, 3],[2, 2, 1, 3, 3, 2],[3, 3, 3, 2, 3, 1],[1, 1, 3, 1, 3, 2],[2, 3, 2, 1, 3, 3],[3, 1, 3, 3, 2, 1]

79: [2, 1, 2, 3, 1, 3],[3, 1, 3, 3, 1, 2],[2, 3, 1, 2, 3, 3],[1, 2, 3, 3, 3, 1],[2, 3, 3, 1, 2, 3],[3, 1, 2, 3, 3, 1]

79: [1, 3, 2, 3, 1, 3],[2, 3, 1, 3, 3, 2],[3, 2, 1, 2, 3, 1],[1, 3, 3, 3, 3, 2],[3, 3, 2, 1, 1, 3],[2, 1, 3, 2, 3, 1]

79: [2, 3, 1, 1, 2, 3],[1, 3, 2, 3, 3, 1],[2, 3, 1, 3, 2, 3],[1, 3, 2, 3, 1, 3],[2, 3, 3, 1, 3, 2],[3, 1, 3, 2, 3, 1]

79: [1, 3, 2, 2, 1, 2],[3, 2, 1, 3, 1, 3],[1, 3, 3, 3, 2, 3],[3, 3, 2, 1, 3, 1],[2, 1, 3, 3, 3, 2],[3, 1, 3, 2, 1, 3]

79: [1, 2, 3, 1, 2, 3],[3, 3, 3, 2, 3, 1],[2, 1, 1, 3, 3, 2],[3, 3, 2, 1, 1, 3],[1, 3, 3, 3, 2, 3],[3, 2, 1, 2, 3, 1]

79: [1, 3, 2, 3, 1, 3],[2, 3, 1, 3, 3, 2],[2, 3, 1, 2, 3, 1],[1, 3, 2, 3, 3, 2],[2, 3, 3, 1, 1, 3],[3, 1, 3, 2, 3, 1]

79: [1, 3, 2, 3, 1, 3],[2, 3, 1, 3, 2, 2],[3, 3, 2, 3, 3, 1],[1, 1, 3, 1, 3, 2],[2, 3, 3, 1, 3, 3],[3, 1, 2, 3, 2, 1]

79: [2, 1, 2, 3, 1, 3],[3, 2, 3, 3, 1, 2],[1, 3, 1, 2, 3, 3],[1, 3, 2, 3, 3, 1],[2, 3, 3, 1, 2, 3],[3, 1, 3, 2, 3, 1]

79: [1, 3, 2, 3, 1, 3],[2, 3, 1, 2, 3, 2],[3, 3, 2, 3, 3, 1],[1, 1, 3, 1, 2, 3],[2, 3, 3, 1, 2, 3],[3, 1, 2, 3, 3, 1]

79: [2, 1, 2, 3, 1, 3],[3, 3, 2, 3, 1, 2],[1, 3, 1, 2, 3, 3],[1, 2, 3, 3, 3, 1],[2, 3, 3, 1, 2, 3],[3, 1, 2, 3, 3, 1]

79: [1, 2, 3, 1, 2, 3],[3, 3, 3, 2, 3, 1],[2, 1, 1, 3, 3, 2],[3, 3, 2, 1, 1, 3],[1, 3, 3, 2, 2, 3],[3, 2, 1, 3, 3, 1]

79: [1, 3, 2, 3, 1, 3],[2, 3, 1, 3, 3, 2],[3, 3, 1, 2, 3, 1],[1, 2, 2, 3, 3, 2],[2, 3, 3, 1, 1, 3],[3, 1, 3, 2, 3, 1]

79: [1, 2, 3, 1, 2, 3],[3, 3, 3, 2, 3, 1],[2, 1, 1, 3, 3, 2],[3, 3, 2, 1, 1, 3],[1, 3, 3, 3, 2, 3],[3, 2, 1, 3, 2, 1]

79: [1, 3, 2, 3, 1, 2],[2, 3, 1, 3, 2, 3],[3, 3, 2, 3, 3, 1],[1, 1, 3, 1, 3, 2],[2, 3, 3, 1, 3, 3],[3, 1, 2, 3, 2, 1]

79: [1, 2, 3, 1, 3, 2],[3, 3, 3, 2, 3, 1],[2, 1, 1, 3, 3, 2],[3, 3, 2, 3, 1, 3],[1, 3, 3, 3, 1, 3],[3, 2, 1, 2, 1, 2]

79: [1, 2, 3, 1, 3, 2],[3, 3, 3, 2, 3, 1],[2, 1, 1, 3, 3, 2],[3, 2, 3, 3, 1, 3],[1, 3, 3, 2, 1, 2],[2, 3, 1, 3, 1, 3]
