
22: [1, 2, 1, 1, 2, 1],[2, 2, 2, 2, 1, 2],[1, 1, 1, 2, 2, 2],[2, 2, 1, 2, 2, 1],[2, 1, 2, 2, 1, 2],[2, 1, 2, 2, 1, 2]

61: [2, 1, 2, 2, 1, 2],[2, 1, 2, 2, 1, 2],[2, 1, 1, 2, 2, 2],[2, 2, 2, 2, 2, 1],[1, 2, 2, 1, 2, 2],[2, 2, 1, 2, 2, 1]

61: [2, 2, 1, 2, 2, 1],[1, 2, 2, 1, 2, 2],[2, 2, 1, 2, 2, 1],[2, 2, 2, 1, 2, 2],[1, 1, 2, 2, 2, 1],[2, 2, 2, 1, 2, 2]

62: [1, 2, 2, 1, 2, 2],[2, 2, 2, 2, 2, 1],[2, 1, 1, 2, 2, 2],[2, 2, 2, 2, 1, 2],[1, 2, 2, 2, 1, 2],[2, 2, 1, 2, 1, 2]

62: [2, 1, 2, 2, 1, 2],[2, 2, 2, 1, 2, 2],[1, 2, 2, 2, 2, 1],[2, 2, 1, 2, 2, 1],[2, 2, 1, 2, 2, 2],[1, 2, 2, 2, 1, 2]

62: [1, 2, 2, 2, 1, 2],[2, 2, 1, 2, 1, 2],[1, 2, 2, 2, 2, 2],[2, 2, 2, 1, 2, 1],[2, 1, 2, 2, 2, 2],[2, 1, 2, 2, 1, 2]

24: [2, 2, 2, 1, 1, 2],[1, 1, 2, 2, 2, 2],[2, 2, 2, 2, 1, 1],[1, 2, 1, 2, 1, 2],[2, 2, 2, 2, 2, 2],[2, 1, 2, 1, 2, 1]

59: [2, 1, 2, 2, 2, 2],[2, 1, 2, 1, 1, 1],[2, 1, 2, 2, 2, 2],[1, 2, 2, 1, 2, 2],[2, 1, 2, 2, 1, 1],[1, 2, 1, 2, 2, 2]

59: [1, 2, 1, 2, 2, 1],[2, 2, 2, 2, 2, 2],[1, 1, 2, 1, 1, 2],[2, 2, 1, 2, 2, 1],[2, 1, 2, 2, 2, 2],[2, 1, 2, 1, 1, 2]

60: [1, 2, 2, 2, 1, 2],[2, 2, 1, 1, 1, 2],[1, 2, 2, 2, 2, 2],[2, 2, 1, 2, 2, 1],[1, 2, 2, 2, 1, 2],[2, 2, 1, 2, 1, 2]

60: [2, 1, 2, 1, 1, 2],[2, 1, 2, 2, 2, 2],[2, 2, 2, 1, 2, 1],[1, 2, 2, 2, 2, 2],[2, 2, 1, 2, 1, 2],[2, 1, 1, 2, 2, 1]

60: [1, 2, 1, 2, 2, 2],[2, 2, 1, 2, 1, 1],[2, 2, 1, 2, 2, 2],[1, 2, 2, 1, 2, 2],[1, 1, 2, 2, 2, 1],[2, 2, 2, 1, 2, 2]

61: [2, 2, 1, 2, 2, 1],[1, 2, 2, 2, 1, 2],[1, 1, 2, 1, 2, 2],[2, 2, 2, 2, 2, 1],[2, 2, 1, 2, 2, 2],[1, 2, 2, 2, 1, 2]

61: [2, 2, 1, 2, 1, 2],[1, 2, 2, 2, 2, 2],[2, 2, 1, 1, 2, 1],[2, 2, 2, 2, 1, 2],[1, 1, 2, 2, 2, 2],[2, 2, 2, 1, 2, 1]

61: [1, 2, 1, 2, 1, 2],[2, 2, 1, 2, 2, 2],[2, 2, 2, 2, 2, 1],[1, 1, 2, 1, 2, 2],[2, 2, 2, 1, 2, 2],[2, 1, 2, 2, 2, 1]

61: [1, 2, 2, 2, 1, 2],[2, 2, 1, 2, 2, 2],[1, 2, 2, 2, 2, 1],[2, 2, 2, 1, 2, 2],[2, 1, 2, 1, 2, 2],[1, 2, 2, 1, 2, 1]

61: [2, 2, 1, 2, 2, 2],[1, 1, 2, 2, 1, 1],[2, 2, 2, 2, 2, 2],[2, 2, 1, 1, 2, 1],[1, 2, 2, 2, 2, 2],[2, 2, 1, 2, 1, 2]

61: [2, 2, 1, 2, 2, 1],[1, 2, 2, 2, 2, 2],[2, 2, 2, 1, 1, 2],[2, 1, 2, 2, 2, 2],[1, 2, 2, 1, 1, 1],[2, 1, 2, 2, 2, 2]

61: [2, 2, 1, 2, 2, 1],[1, 2, 2, 1, 2, 1],[2, 2, 1, 2, 2, 2],[1, 2, 2, 2, 1, 2],[2, 2, 2, 1, 2, 2],[2, 1, 2, 2, 2, 1]

61: [2, 2, 2, 1, 2, 1],[1, 1, 2, 1, 2, 2],[2, 2, 2, 2, 2, 1],[2, 2, 1, 2, 2, 2],[1, 2, 2, 2, 1, 2],[2, 2, 1, 2, 1, 2]

61: [1, 2, 2, 1, 1, 2],[2, 1, 2, 2, 2, 2],[2, 2, 1, 2, 2, 1],[1, 2, 1, 2, 2, 2],[2, 2, 2, 2, 1, 2],[2, 1, 2, 2, 1, 2]

61: [2, 2, 1, 2, 2, 1],[1, 2, 2, 1, 2, 2],[1, 2, 2, 2, 1, 2],[2, 2, 1, 2, 2, 2],[1, 2, 2, 2, 2, 1],[2, 1, 2, 1, 2, 2]

61: [2, 2, 1, 1, 2, 2],[1, 2, 2, 2, 2, 1],[2, 2, 2, 1, 2, 2],[2, 1, 2, 2, 2, 1],[2, 2, 2, 1, 2, 2],[1, 2, 2, 1, 1, 2]

61: [1, 2, 2, 1, 2, 1],[2, 1, 2, 2, 2, 2],[2, 2, 2, 2, 1, 2],[1, 2, 1, 2, 2, 2],[2, 2, 1, 2, 2, 1],[2, 1, 2, 2, 1, 2]

61: [1, 2, 1, 2, 2, 2],[2, 1, 2, 2, 1, 1],[2, 2, 2, 1, 2, 2],[1, 2, 2, 2, 2, 1],[2, 2, 1, 2, 2, 2],[2, 1, 2, 2, 1, 2]

61: [1, 2, 2, 1, 2, 2],[2, 2, 2, 1, 2, 1],[2, 1, 2, 2, 2, 2],[2, 1, 2, 2, 1, 2],[2, 2, 2, 2, 1, 2],[1, 2, 1, 2, 2, 1]

62: [1, 2, 2, 2, 1, 2],[2, 2, 1, 2, 2, 2],[1, 2, 2, 2, 2, 1],[2, 2, 2, 1, 2, 2],[2, 1, 2, 2, 2, 1],[1, 2, 2, 1, 2, 2]

62: [2, 1, 2, 2, 1, 2],[2, 1, 2, 2, 1, 2],[2, 2, 1, 2, 2, 2],[1, 2, 2, 2, 2, 1],[2, 2, 2, 1, 2, 2],[2, 1, 2, 2, 2, 1]

62: [2, 1, 2, 2, 2, 1],[2, 2, 2, 1, 2, 2],[1, 2, 2, 2, 2, 1],[2, 2, 1, 2, 2, 2],[1, 2, 2, 2, 1, 2],[2, 1, 2, 2, 1, 2]

62: [2, 2, 1, 2, 1, 2],[1, 2, 2, 2, 2, 1],[2, 2, 2, 1, 2, 2],[2, 1, 2, 2, 2, 2],[2, 2, 2, 2, 1, 1],[1, 2, 1, 2, 2, 2]

62: [1, 2, 2, 1, 2, 1],[2, 1, 2, 2, 2, 2],[2, 2, 2, 2, 1, 2],[1, 2, 1, 2, 2, 2],[2, 2, 2, 2, 2, 1],[2, 1, 2, 1, 2, 2]

62: [1, 2, 1, 2, 2, 1],[2, 2, 2, 2, 1, 2],[2, 1, 2, 2, 2, 2],[2, 2, 2, 1, 2, 1],[1, 2, 2, 2, 2, 2],[2, 2, 1, 2, 1, 2]

62: [1, 2, 2, 1, 2, 2],[2, 2, 2, 2, 2, 1],[2, 1, 1, 2, 2, 2],[2, 2, 2, 1, 1, 2],[1, 2, 2, 2, 2, 2],[2, 2, 1, 2, 2, 1]

62: [1, 2, 2, 2, 1, 2],[2, 2, 1, 2, 2, 2],[1, 2, 2, 2, 2, 1],[2, 2, 2, 1, 2, 2],[1, 1, 2, 2, 2, 1],[2, 2, 2, 1, 2, 2]

62: [1, 2, 2, 1, 2, 2],[2, 1, 2, 2, 2, 1],[2, 2, 2, 1, 2, 2],[1, 2, 2, 2, 2, 1],[2, 2, 1, 2, 2, 2],[2, 1, 2, 2, 1, 2]

62: [2, 2, 2, 1, 2, 1],[1, 1, 2, 2, 2, 2],[2, 2, 2, 2, 1, 2],[2, 2, 1, 2, 2, 2],[1, 2, 2, 2, 2, 1],[2, 1, 2, 1, 2, 2]

62: [1, 2, 2, 2, 1, 2],[2, 2, 1, 2, 2, 2],[2, 2, 1, 2, 2, 1],[1, 2, 2, 2, 2, 2],[2, 2, 2, 1, 1, 2],[2, 1, 2, 2, 2, 1]

62: [1, 2, 2, 1, 2, 2],[2, 1, 2, 2, 2, 1],[2, 2, 2, 1, 2, 2],[1, 2, 2, 2, 2, 1],[2, 2, 1, 2, 2, 2],[2, 1, 2, 2, 1, 2]

62: [2, 2, 2, 1, 2, 1],[1, 1, 2, 2, 2, 2],[2, 2, 2, 2, 1, 2],[2, 1, 1, 2, 2, 2],[2, 2, 2, 2, 2, 1],[1, 2, 2, 1, 2, 2]

62: [2, 1, 2, 2, 1, 2],[2, 2, 1, 2, 2, 2],[1, 2, 2, 2, 2, 1],[2, 2, 2, 1, 2, 2],[1, 1, 2, 2, 2, 1],[2, 2, 2, 1, 2, 2]

62: [1, 2, 2, 2, 1, 2],[2, 2, 1, 2, 2, 2],[1, 2, 2, 2, 2, 1],[1, 2, 2, 1, 2, 2],[2, 2, 2, 1, 2, 2],[2, 1, 2, 2, 2, 1]

62: [2, 1, 2, 2, 1, 2],[2, 2, 2, 1, 2, 2],[1, 2, 2, 2, 2, 1],[2, 2, 1, 2, 2, 2],[1, 2, 2, 2, 1, 1],[2, 2, 1, 2, 2, 2]

62: [1, 2, 2, 2, 1, 2],[2, 2, 1, 2, 2, 2],[2, 2, 2, 2, 2, 1],[1, 1, 2, 1, 2, 2],[2, 2, 2, 1, 2, 2],[2, 1, 2, 2, 2, 1]

62: [1, 2, 2, 2, 1, 2],[2, 2, 1, 2, 2, 2],[2, 2, 2, 2, 2, 1],[1, 1, 2, 1, 2, 2],[2, 2, 2, 1, 2, 2],[2, 1, 2, 2, 2, 1]

62: [2, 2, 1, 2, 2, 2],[1, 2, 2, 2, 1, 1],[2, 2, 1, 2, 2, 2],[1, 2, 2, 2, 2, 1],[2, 2, 2, 1, 2, 2],[2, 1, 2, 2, 1, 2]

62: [2, 2, 1, 1, 2, 2],[1, 2, 2, 2, 2, 1],[2, 2, 1, 2, 2, 2],[1, 2, 2, 2, 1, 2],[2, 2, 2, 1, 2, 2],[2, 1, 2, 2, 2, 1]

62: [2, 2, 2, 1, 2, 2],[1, 1, 2, 2, 2, 1],[2, 2, 1, 2, 2, 2],[1, 2, 2, 2, 1, 2],[2, 2, 2, 1, 2, 2],[2, 1, 2, 2, 2, 1]

62: [2, 1, 2, 2, 1, 2],[2, 2, 2, 2, 1, 2],[1, 2, 1, 2, 2, 2],[1, 2, 2, 2, 2, 1],[2, 2, 2, 1, 2, 2],[2, 1, 2, 2, 2, 1]

62: [1, 2, 2, 2, 1, 2],[2, 2, 1, 2, 2, 1],[2, 2, 1, 2, 2, 2],[1, 2, 2, 2, 1, 2],[2, 2, 2, 1, 2, 2],[2, 1, 2, 2, 2, 1]
